[1.9840657201659206e-12;;]
[1.906334816917886e-12;;]
[1.9452009008311977e-13;;]
[1.9462770891118054e-12;;]
[1.9425738727571083e-12;;]
[1.9444261138039127e-13;;]
[0.010875046885549515;;]
[8.373029771872127e-13 -1.0315221424463179e-14 -1.295051955055008e-13; -1.0315221424463179e-14 7.862124608172302e-15 5.549664108534244e-15; -1.295051955055008e-13 5.549664108534244e-15 5.250593277723756e-14]
[6.473369386592809e-13 -5.2270933313537465e-15 4.136531935932876e-14; -5.2270933313537465e-15 7.435894814983345e-15 1.115515976464258e-15; 4.136531935932876e-14 1.115515976464258e-15 2.4658316344220068e-14]
[5.251125267620486e-6 -4.868851353273931e-7 -4.553023466198651e-6; -4.868851353273931e-7 4.514406523018599e-8 4.2215703509452497e-7; -4.553023466198651e-6 4.2215703509452497e-7 3.9477296580074735e-6]
[2.111757080688166e-12 -2.1191875484877226e-13 -5.2965067101795885e-14; -2.1191875484877226e-13 2.842941878963104e-14 7.830538512190947e-15; -5.2965067101795885e-14 7.830538512190947e-15 3.0345326606100804e-14]
[2.3526915441418373e-12 2.3507329928985576e-13 -4.8250657080118655e-14; 2.3507329928985576e-13 3.137469978666261e-14 -2.394310017903397e-15; -4.8250657080118655e-14 -2.394310017903397e-15 2.482602695150368e-14]
[4.1103791948946564e-7 7.453290753753878e-7 2.9114381081721042e-9; 7.453290753753878e-7 1.3514950945064034e-6 5.279280645393371e-9; 2.9114381081721042e-9 5.279280645393371e-9 2.0624957986359693e-11]
[2.989227443962356e-12;;]
[3.1110954008292697e-12;;]
[3.050161580649783e-13;;]
[3.046105605526968e-12;;]
[3.0517879361525812e-12;;]
[3.048946911484976e-13;;]
[0.010101557222063462;;]
[1.097060117415135e-12 2.9509730124089818e-15 -6.426828160488361e-14; 2.9509730124089818e-15 1.2679545178282416e-14 3.151186620233347e-15; -6.426828160488361e-14 3.151186620233347e-15 4.7700426091099627e-14]
[1.4131103454152016e-12 9.593034911739342e-15 2.2216279445920977e-13; 9.593034911739342e-15 1.3243286705650725e-14 9.186804200352044e-15; 2.2216279445920977e-13 9.186804200352044e-15 9.573756714927441e-14]
[4.993585558968025e-6 4.873356248619756e-7 4.540164394993668e-6; 4.873356248619756e-7 4.7560219061648346e-8 4.430852096662541e-7; 4.540164394993668e-6 4.430852096662541e-7 4.127914295668717e-6]
[4.589605452854468e-12 -4.53730282213698e-13 1.2427181114564166e-13; -4.53730282213698e-13 5.756189019989196e-14 -7.276180117287967e-15; 1.2427181114564166e-13 -7.276180117287967e-15 4.9564605502126415e-14]
[4.103663296543415e-12 4.156286762375926e-13 1.367271499155124e-13; 4.156286762375926e-13 5.506158406182083e-14 1.9158271314536418e-14; 1.367271499155124e-13 1.9158271314536418e-14 6.119536944542457e-14]
[4.2224753686421906e-7 -7.084205103788526e-7 6.883832568648769e-10; -7.084205103788526e-7 1.1885448510731814e-6 -1.1549050743326642e-9; 6.883832568648769e-10 -1.1549050743326642e-9 1.1277565416733868e-12]
[0.00017569142242265768 -3.156065745106475e-5 -0.0008778639131610662; -3.156065745106475e-5 0.00460225665697749 -1.756620617483396e-5; -0.0008778639131610662 -1.756620617483396e-5 0.004393040214840282]
[0.00017328487109407334 -3.17634349256226e-5 -0.0008658148830753452; -3.17634349256226e-5 0.004696603010426326 -2.014727832747213e-5; -0.0008658148830753452 -2.014727832747213e-5 0.004332850731961667]
[1.745118416445582e-5 -3.1664023785383236e-6 -8.719578789426884e-5; -3.1664023785383236e-6 0.0004649992828740042 -1.8868299327279643e-6; -8.719578789426884e-5 -1.8868299327279643e-6 0.0004363538726639909]
[0.0001745342439812565 -3.9773643535061754e-5 -0.0008717608555046045; -3.9773643535061754e-5 0.004650687279338832 2.1684423957063257e-5; -0.0008717608555046045 2.1684423957063257e-5 0.004361007070071008]
[0.00017445364449999832 -2.3549099458778843e-5 -0.0008719760191659426; -2.3549099458778843e-5 0.004647971870482933 -5.939704322922204e-5; -0.0008719760191659426 -5.939704322922204e-5 0.004365174496562052]
[1.7451528912454086e-5 -3.1662942169622763e-6 -8.719751721095298e-5; -3.1662942169622763e-6 0.00046499369197339576 -1.8871603419269451e-6; -8.719751721095298e-5 -1.8871603419269451e-6 0.00043636253913787733]
[0.18138729359915765 -0.02691356504340034 -0.6605331352698635; -0.02691356504340034 13.117931512458782 -0.07021856607885071; -0.6605331352698635 -0.07021856607885071 11.53120140877575]
[3.5545129841719466e-9 2.653790483731908e-10 -6.005257418361344e-10 -3.0360231528405376e-11 -5.75421740477789e-11 1.7827397824703822e-11; 2.653790483731908e-10 2.794883147772151e-11 -3.8735629313709324e-11 -1.6003136044732697e-12 -4.861730918022828e-12 5.871423128465071e-13; -6.005257418361344e-10 -3.8735629313709324e-11 1.4234567294376992e-10 4.287685409419345e-12 7.831216569536125e-12 -8.234059466477473e-12; -3.0360231528405376e-11 -1.6003136044732697e-12 4.287685409419345e-12 4.022318005641281e-13 5.313927754696211e-13 -3.9075640651726536e-14; -5.75421740477789e-11 -4.861730918022828e-12 7.831216569536125e-12 5.313927754696211e-13 1.068488956240426e-12 -4.612970841501475e-14; 1.7827397824703822e-11 5.871423128465071e-13 -8.234059466477473e-12 -3.9075640651726536e-14 -4.612970841501475e-14 7.567939464912371e-13]
[1.758455670007956e-9 1.1408423039748232e-10 -8.369373507066143e-11 -2.26316527819191e-11 -2.984359017278835e-11 -1.8260955198088624e-11; 1.1408423039748232e-10 1.7626235709194826e-11 -4.84595949145216e-12 -3.172320801213008e-13 -2.413781290584245e-12 -1.2137414514908877e-12; -8.369373507066143e-11 -4.84595949145216e-12 8.2148503303882e-12 1.0923634134501057e-12 1.458232706012955e-12 3.466345619923174e-13; -2.26316527819191e-11 -3.172320801213008e-13 1.0923634134501057e-12 4.809215814987712e-13 3.987695479420656e-13 2.4212531787331923e-13; -2.984359017278835e-11 -2.413781290584245e-12 1.458232706012955e-12 3.987695479420656e-13 7.184215412085921e-13 3.1553141815545523e-13; -1.8260955198088624e-11 -1.2137414514908877e-12 3.466345619923174e-13 2.4212531787331923e-13 3.1553141815545523e-13 2.5596907095328425e-13]
[0.0022632467749445976 7.072769470201307e-5 -0.0006019834882030456 -2.635202420212802e-5 -2.8568101383448554e-5 3.88281958488962e-5; 7.072769470201307e-5 2.210280358695132e-6 -1.8812310051386023e-5 -8.235150055533314e-7 -8.927688302698786e-7 1.2134020368334096e-6; -0.0006019834882030456 -1.8812310051386023e-5 0.0001601169378566458 7.0091708457102055e-6 7.598607812023644e-6 -1.0327612509890995e-5; -2.635202420212802e-5 -8.235150055533314e-7 7.0091708457102055e-6 3.068287699483335e-7 3.3263156009863606e-7 -4.5209455215545497e-7; -2.8568101383448554e-5 -8.927688302698786e-7 7.598607812023644e-6 3.3263156009863606e-7 3.6060427851047943e-7 -4.901134768649116e-7; 3.88281958488962e-5 1.2134020368334096e-6 -1.0327612509890995e-5 -4.5209455215545497e-7 -4.901134768649116e-7 6.661355625165745e-7]
[4.877328932322703e-9 3.387935249276032e-10 -2.031446022416636e-10 -7.145933093140557e-11 -1.032696110046939e-10 -5.540470104882333e-11; 3.387935249276032e-10 3.134898401100035e-11 -1.2622126896911476e-11 -4.639510939763058e-12 -7.963493833393551e-12 -4.026019295209898e-12; -2.031446022416636e-10 -1.2622126896911476e-11 1.725680013738091e-11 2.845030089369959e-12 3.920124387121656e-12 1.1876961815470636e-12; -7.145933093140557e-11 -4.639510939763058e-12 2.845030089369959e-12 1.1614473717193485e-12 1.5595998894584724e-12 8.332021696471848e-13; -1.032696110046939e-10 -7.963493833393551e-12 3.920124387121656e-12 1.5595998894584724e-12 2.380138503160161e-12 1.2270541498634822e-12; -5.540470104882333e-11 -4.026019295209898e-12 1.1876961815470636e-12 8.332021696471848e-13 1.2270541498634822e-12 7.725875195736251e-13]
[1.6197379413138316e-9 2.539568688545039e-10 -1.206606228421489e-10 -7.121623405529538e-13 -3.374915297168435e-11 -1.0651030305090315e-11; 2.539568688545039e-10 6.223254843649638e-11 -1.77489800028935e-11 2.833827556236605e-12 -5.732832896438787e-12 -1.6820699520725805e-12; -1.206606228421489e-10 -1.77489800028935e-11 1.522059188813427e-11 1.5993817274954405e-14 2.2923410795917257e-12 4.0691547772129664e-15; -7.121623405529538e-13 2.833827556236605e-12 1.5993817274954405e-14 4.2359146124773605e-13 -1.0144764895271724e-14 2.905910786356166e-14; -3.374915297168435e-11 -5.732832896438787e-12 2.2923410795917257e-12 -1.0144764895271724e-14 7.557965807065124e-13 2.5006857060745845e-13; -1.0651030305090315e-11 -1.6820699520725805e-12 4.0691547772129664e-15 2.905910786356166e-14 2.5006857060745845e-13 1.7118539878308118e-13]
[0.0012965061635919497 0.00037992295533736904 -7.025296632615366e-5 2.097787670961095e-5 -3.433151429582802e-5 -1.1028136671692742e-5; 0.00037992295533736904 0.00012682077365856967 -2.139015301214724e-5 8.351933532059481e-6 -1.0349581380816806e-5 -3.0374028156343308e-6; -7.025296632615366e-5 -2.139015301214724e-5 3.84843504855513e-6 -1.2510788883863826e-6 1.8753027001134494e-6 5.874987828744742e-7; 2.097787670961095e-5 8.351933532059481e-6 -1.2510788883863826e-6 6.532201584519442e-7 -5.966585517022669e-7 -1.5079262084359232e-7; -3.433151429582802e-5 -1.0349581380816806e-5 1.8753027001134494e-6 -5.966585517022669e-7 9.144993049245886e-7 2.8839865223606495e-7; -1.1028136671692742e-5 -3.0374028156343308e-6 5.874987828744742e-7 -1.5079262084359232e-7 2.8839865223606495e-7 9.624152740028668e-8]
[9.015217143999321e-8 6.213247782617336e-9 -9.35626931300659e-9 -1.0602970421378274e-9 -1.664672953654222e-9 -3.040403868654574e-10; 6.213247782617336e-9 8.045278769865711e-10 -4.785696366837088e-10 -3.5149184726613e-11 -1.3419408642081322e-10 -4.036887711078686e-11; -9.35626931300659e-9 -4.785696366837088e-10 1.93072519295001e-9 9.995446745260188e-11 1.3657962462317647e-10 -9.033111378917317e-11; -1.0602970421378274e-9 -3.5149184726613e-11 9.995446745260188e-11 1.9005051733183724e-11 2.0184497296676165e-11 5.152565531452846e-12; -1.664672953654222e-9 -1.3419408642081322e-10 1.3657962462317647e-10 2.0184497296676165e-11 3.5378791361968825e-11 1.0325029254917624e-11; -3.040403868654574e-10 -4.036887711078686e-11 -9.033111378917317e-11 5.152565531452846e-12 1.0325029254917624e-11 1.6534720402150377e-11]
[7.798058838444181e-8 5.459544340688865e-9 -5.834376046180513e-9 -9.683513785113419e-10 -1.4867273189600842e-9 -5.497364437620436e-10; 5.459544340688865e-9 7.694967569363268e-10 -3.127451859556998e-10 -2.5691862221798186e-11 -1.2132271858800628e-10 -4.8805493217037885e-11; -5.834376046180513e-9 -3.127451859556998e-10 9.808926762156204e-10 6.884119611553514e-11 9.421315935318348e-11 -2.7743554046759198e-11; -9.683513785113419e-10 -2.5691862221798186e-11 6.884119611553514e-11 1.8995139784879737e-11 1.888551399581897e-11 7.605395829485136e-12; -1.4867273189600842e-9 -1.2132271858800628e-10 9.421315935318348e-11 1.888551399581897e-11 3.303502101277106e-11 1.2801701692883359e-11; -5.497364437620436e-10 -4.8805493217037885e-11 -2.7743554046759198e-11 7.605395829485136e-12 1.2801701692883359e-11 1.2627196925983817e-11]
[0.011521059781656936 0.0007614207336787554 -0.0006480186224218797; 0.0007614207336787554 0.0056849267513560155 -0.0013800571652952875; -0.0006480186224218797 -0.0013800571652952875 0.00718098335671771]
[0.010215104222213773 0.0004477311976814208 0.002419192556248962; 0.0004477311976814208 0.004576035348452666 -0.0023636201069419218; 0.002419192556248962 -0.0023636201069419218 0.02540871633275493]
[0.05801776321545449 0.0009900418361757665 0.019892117307401237; 0.0009900418361757665 0.0007076077652845712 -0.00020945064919996562; 0.019892117307401237 -0.00020945064919996562 0.009975329503894645]
[0.011101555715627202 -1.2986081240834922e-5 -0.0006773896948882699; -1.2986081240834922e-5 0.005093031044223213 -3.0862279233590836e-5; -0.0006773896948882699 -3.0862279233590836e-5 0.009689639025373455]
[0.010805801744380183 0.0013792275796936427 -0.000880501228165688; 0.0013792275796936427 0.005578034335627713 -0.003708546492300441; -0.000880501228165688 -0.003708546492300441 0.014284125367757633]
[0.027385306411457356 0.0013359717111129184 0.002663052471409722; 0.0013359717111129184 0.0007526771125184121 -0.00029527476628332476; 0.002663052471409722 -0.00029527476628332476 0.0025876073095729975]
[0.06783959842462715 -0.009074506253179912 0.048934303691883466; -0.009074506253179912 0.01743328877682565 0.00027493607328703626; 0.048934303691883466 0.00027493607328703626 0.08229934704801133]
[1.3996985367667397e-9 1.6641212702032568e-10 -6.401383949028346e-11 -1.9207176293877473e-11 -4.997014440253521e-11 -4.38114281000401e-11; 1.6641212702032568e-10 2.704874109022297e-10 4.932383415425561e-11 2.7278874782648664e-11 6.345121310520731e-11 2.52006691474256e-12; -6.401383949028346e-11 4.932383415425561e-11 4.848599154172655e-11 2.8743816954451476e-12 3.579114930482986e-11 4.8251426424264604e-12; -1.9207176293877473e-11 2.7278874782648664e-11 2.8743816954451476e-12 7.660144087462493e-12 1.8866029058870894e-12 1.1529075108592e-12; -4.997014440253521e-11 6.345121310520731e-11 3.579114930482986e-11 1.8866029058870894e-12 3.9752532956843015e-11 4.3194238739766116e-12; -4.38114281000401e-11 2.52006691474256e-12 4.8251426424264604e-12 1.1529075108592e-12 4.3194238739766116e-12 2.1879245233404083e-12]
[1.3031227693439334e-9 2.618507667844158e-10 -1.134783164967206e-11 -1.3157710169646956e-11 4.38811112227606e-12 -3.56447164347241e-11; 2.618507667844158e-10 2.412394326340955e-10 2.8417835995485153e-11 2.0982696213170254e-11 4.733705371668623e-11 -3.191752561083454e-12; -1.134783164967206e-11 2.8417835995485153e-11 5.2744462357226705e-11 -2.734145572412921e-13 2.407329089789667e-11 6.946677765811592e-12; -1.3157710169646956e-11 2.0982696213170254e-11 -2.734145572412921e-13 7.1124257412996576e-12 -1.3424541590751198e-12 6.500642874010188e-13; 4.38811112227606e-12 4.733705371668623e-11 2.407329089789667e-11 -1.3424541590751198e-12 2.809996260688572e-11 2.1548157220200567e-12; -3.56447164347241e-11 -3.191752561083454e-12 6.946677765811592e-12 6.500642874010188e-13 2.1548157220200567e-12 2.0834856191774877e-12]
[1.3563956156869412e-10 2.163119354369689e-11 -3.651210792308457e-12 -1.6802658386496709e-12 -2.0912697652019258e-12 -3.985969037361173e-12; 2.163119354369689e-11 2.6534777623962055e-11 4.41032921579757e-12 2.3459270168897015e-12 6.190288706661837e-12 -4.152568490187518e-15; -3.651210792308457e-12 4.41032921579757e-12 5.350208533276636e-12 9.33666920789073e-14 3.3519932344572234e-12 6.049812890556634e-13; -1.6802658386496709e-12 2.3459270168897015e-12 9.33666920789073e-14 7.482141485604542e-13 -2.2825950181460323e-14 9.013445492740453e-14; -2.0912697652019258e-12 6.190288706661837e-12 3.3519932344572234e-12 -2.2825950181460323e-14 3.842510489647481e-12 3.422138612153023e-13; -3.985969037361173e-12 -4.152568490187518e-15 6.049812890556634e-13 9.013445492740453e-14 3.422138612153023e-13 2.1536951482333692e-13]
[1.806024756099908e-9 1.7884229261063934e-10 -2.2262263395712584e-12 -9.878265680692092e-11 5.464380533408731e-11 -5.2277053285638155e-11; 1.7884229261063934e-10 2.619823334306412e-10 7.686406260088991e-11 2.1978161076758085e-12 1.0460195598827937e-10 3.3907319508257637e-12; -2.2262263395712584e-12 7.686406260088991e-11 7.383939869210093e-11 -1.2458602698221173e-11 7.003669021903995e-11 6.9536291615780556e-12; -9.878265680692092e-11 2.1978161076758085e-12 -1.2458602698221173e-11 1.9290607572405973e-11 -2.2287376778946282e-11 2.228030578306066e-12; 5.464380533408731e-11 1.0460195598827937e-10 7.003669021903995e-11 -2.2287376778946282e-11 9.253546638779621e-11 4.344364330362295e-12; -5.2277053285638155e-11 3.3907319508257637e-12 6.9536291615780556e-12 2.228030578306066e-12 4.344364330362295e-12 2.5301690967261684e-12]
[1.3716052304797896e-9 3.840595907755716e-10 -1.482417929810118e-11 1.5138784993409363e-11 2.153439643965246e-12 -3.642120625194143e-11; 3.840595907755716e-10 3.1708452168768976e-10 3.3511004583023786e-11 3.2441253629439325e-11 4.9515803793334025e-11 -4.85865841545367e-12; -1.482417929810118e-11 3.3511004583023786e-11 3.384652208947265e-11 2.1713824623443384e-12 1.9767787415717888e-11 3.843261567181589e-12; 1.5138784993409363e-11 3.2441253629439325e-11 2.1713824623443384e-12 6.287359352047958e-12 2.4727449231479614e-12 1.3832562493393963e-13; 2.153439643965246e-12 4.9515803793334025e-11 1.9767787415717888e-11 2.4727449231479614e-12 2.2229444413747884e-11 1.840432931707007e-12; -3.642120625194143e-11 -4.85865841545367e-12 3.843261567181589e-12 1.3832562493393963e-13 1.840432931707007e-12 1.6460995309199622e-12]
[0.0008156410118624253 -0.00043151756413006284 4.787899248768429e-5 -0.00024255342481538668 0.00012895362614910295 -2.7925567739504333e-5; -0.00043151756413006284 0.00022829589408743177 -2.5330539954284267e-5 0.000128323721763381 -6.822334895530081e-5 1.4774115058054263e-5; 4.787899248768429e-5 -2.5330539954284267e-5 2.810553674063384e-6 -1.4238146514307592e-5 7.569720562339177e-6 -1.6392599913478266e-6; -0.00024255342481538668 0.000128323721763381 -1.4238146514307592e-5 7.212998560910159e-5 -3.834793594077702e-5 8.30444059036744e-6; 0.00012895362614910295 -6.822334895530081e-5 7.569720562339177e-6 -3.834793594077702e-5 2.0387700775785145e-5 -4.415058789696611e-6; -2.7925567739504333e-5 1.4774115058054263e-5 -1.6392599913478266e-6 8.30444059036744e-6 -4.415058789696611e-6 9.5610372342006e-7]
[5.373506433489199e-8 8.375166524549783e-9 -1.5959360504017055e-9 -6.377980104172519e-10 -9.849219404815526e-10 -1.5944626061972962e-9; 8.375166524549783e-9 1.0290149307730173e-8 1.717746771235424e-9 9.333938886958232e-10 2.351045860435209e-9 5.918201324268687e-12; -1.5959360504017055e-9 1.717746771235424e-9 1.919841609324783e-9 4.912638281697104e-11 1.2701557507473246e-9 2.1985708016765371e-10; -6.377980104172519e-10 9.333938886958232e-10 4.912638281697104e-11 2.8797131880477807e-10 6.3477409699474596e-12 3.570377540378155e-11; -9.849219404815526e-10 2.351045860435209e-9 1.2701557507473246e-9 6.3477409699474596e-12 1.452517211956659e-9 1.3733671381844385e-10; -1.5944626061972962e-9 5.918201324268687e-12 2.1985708016765371e-10 3.570377540378155e-11 1.3733671381844385e-10 8.182141763771894e-11]
[5.3147920805078924e-8 9.02489651251929e-9 -1.2678697661417605e-9 -5.867444099620092e-10 -6.453193991029981e-10 -1.5434530376253737e-9; 9.02489651251929e-9 1.0147726890672566e-8 1.579885760325822e-9 9.047999643005255e-10 2.241337508003416e-9 -3.058845238193556e-11; -1.2678697661417605e-9 1.579885760325822e-9 1.9276512866542073e-9 3.255919229555436e-11 1.1842882736464824e-9 2.3129086282365923e-10; -5.867444099620092e-10 9.047999643005255e-10 3.255919229555436e-11 2.8452914956209657e-10 -9.861716203712239e-12 3.2500853914676197e-11; -6.453193991029981e-10 2.241337508003416e-9 1.1842882736464824e-9 -9.861716203712239e-12 1.3656153687991016e-9 1.2316359467877455e-10; -1.5434530376253737e-9 -3.058845238193556e-11 2.3129086282365923e-10 3.2500853914676197e-11 1.2316359467877455e-10 8.093379284835754e-11]
[8.623018285932961e-9 1.5509868452745803e-9 1.2562740995469146e-9; 1.5509868452745803e-9 3.9992703280410887e-10 1.8128447844022245e-10; 1.2562740995469146e-9 1.8128447844022245e-10 2.463047200445811e-10]
[4.199232328096054 1.371668468837443 -0.7787583358962405; 1.371668468837443 0.44805198726194895 -0.25437941292215566; -0.7787583358962405 -0.25437941292215566 0.1444227180234176]
[13.549432030639657 1.2345008650113958 3.7607810938001878; 1.2345008650113958 0.11247647771475211 0.34264812706991454; 3.7607810938001878 0.34264812706991454 1.0438426062166162]
[2.552059366212588e-9 2.616937881219926e-10 4.03876413216778e-10; 2.616937881219926e-10 1.9587264909059565e-10 2.800400604524265e-11; 4.03876413216778e-10 2.800400604524265e-11 6.703724468605791e-11]
