[4.675926939163255e-12;;]
[4.769401041420316e-12;;]
[4.72266479417579e-13;;]
[4.729026961719574e-12;;]
[4.7153955969639e-12;;]
[4.722212069356466e-13;;]
[0.013876625921666143;;]
[1.0744205788164782e-12;;]
[8.556610701769403e-13;;]
[0.00025402828283881064;;]
[9.692695882725266e-13;;]
[9.365781620742223e-13;;]
[7.486527294999474e-12;;]
[9.024041478172625e-13;;]
[8.847150720940788e-13;;]
[8.935597526376988e-14;;]
[8.921854502868049e-13;;]
[8.947623972617921e-13;;]
[8.93474066121455e-14;;]
[0.013876128109054135;;]
[1.713829939221565e-13;;]
[2.0289583311103772e-13;;]
[0.0002540283013142244;;]
[1.8611348635032062e-13;;]
[1.8551305082644333e-13;;]
[1.868957065379129e-12;;]
[3.67470646463407e-6 2.5151263501674524e-5 -2.6876564695677573e-5; 2.5151263501674524e-5 0.0004005478262507012 5.9234694782678764e-6; -2.6876564695677573e-5 5.9234694782678764e-6 0.0003544279669836789]
[3.4749396547085062e-6 2.0759909289642248e-5 -2.7929803650357856e-5; 2.0759909289642248e-5 0.0003267709593386545 1.690443685201208e-6; -2.7929803650357856e-5 1.690443685201208e-6 0.0003646053530372712]
[3.432411482807076e-5 0.0002192127658862439 -0.00026412258822183527; 0.0002192127658862439 0.0034133125549432822 -1.295380078800038e-5; -0.00026412258822183527 -1.295380078800038e-5 0.003424093963626677]
[3.1720843686851164e-6 1.8733317683091857e-5 -2.5676244000052828e-5; 1.8733317683091857e-5 0.0003379690385868269 3.735647707075304e-5; -2.5676244000052828e-5 3.735647707075304e-5 0.00036495279693986803]
[4.09058699924832e-6 2.786398893722798e-5 -3.0029491943352272e-5; 2.786398893722798e-5 0.0003933584002402709 -3.533273301680416e-5; -3.0029491943352272e-5 -3.533273301680416e-5 0.0003611283408887519]
[3.801763513136616e-5 0.0002442655887145823 -0.0002913199584158705; 0.0002442655887145823 0.003756208544290519 -5.35977581976705e-5; -0.0002913199584158705 -5.35977581976705e-5 0.003743971091669961]
[0.7337954453036445 -0.00010167936491099072 0.00023929855875594224; -0.00010167936491099072 0.00016185961366183303 -1.3697294431408395e-6; 0.00023929855875594224 -1.3697294431408395e-6 0.00016388406113184066]
[7.907989769862629e-12 -1.40935808258526e-13 -6.943615686117887e-13; -1.40935808258526e-13 8.283569568238773e-14 2.943585808050511e-15; -6.943615686117887e-13 2.943585808050511e-15 1.6525036561519847e-13]
[9.259773148745886e-12 -1.2671958089810922e-13 1.0150373247109817e-12; -1.2671958089810922e-13 6.875275933605129e-14 -9.65888274086674e-15; 1.0150373247109817e-12 -9.65888274086674e-15 2.1858610695638372e-13]
[8.747405574152807e-13 -1.6907214303274442e-14 2.8769993849007455e-14; -1.6907214303274442e-14 9.784512288018978e-15 2.485868309321656e-17; 2.8769993849007455e-14 2.485868309321656e-17 3.5784442483710444e-14]
[9.936202636328963e-12 -8.663477070352981e-13 -2.5558686190351092e-14; -8.663477070352981e-13 1.2777304655901197e-13 6.8253890145435134e-15; -2.5558686190351092e-14 6.8253890145435134e-15 9.680292704569381e-14]
[2.1752052914750913e-11 2.8627455480953847e-12 -2.1268790646372095e-13; 2.8627455480953847e-12 5.006727736365201e-13 -4.8924004875764467e-14; -2.1268790646372095e-13 -4.8924004875764467e-14 1.2118500599193778e-13]
[0.0027366987918907484 0.00084713471691004 -0.00015059038585623795; 0.00084713471691004 0.00026222733428071245 -4.6614682011180364e-5; -0.00015059038585623795 -4.6614682011180364e-5 8.286430509302345e-6]
[4.1580350593106163e-10 -3.4570448369477066e-13 1.1853995280919017e-11; -3.4570448369477066e-13 6.764623303101011e-12 -2.318837612228224e-13; 1.1853995280919017e-11 -2.318837612228224e-13 9.232360797697254e-12]
[4.1564195414405185e-10 3.0363474787549757e-12 -5.865123008961704e-12; 3.0363474787549757e-12 7.309863839774854e-12 -6.181513653653768e-13; -5.865123008961704e-12 -6.181513653653768e-13 8.997513400183505e-12]
[0.00012330519083939974 1.9760665944104385e-6 -8.729812001932425e-6; 1.9760665944104385e-6 2.9856245070886195e-5 -2.0782142870586135e-5; -8.729812001932425e-6 -2.0782142870586135e-5 3.110250646810909e-5]
[0.00012827760711255312 5.880705702922989e-6 1.0518965141015768e-5; 5.880705702922989e-6 2.5942921794670847e-5 -1.7161106025606728e-5; 1.0518965141015768e-5 -1.7161106025606728e-5 2.8883870342913887e-5]
[0.04035404865292153 0.0015972021748281526 3.264771402039639e-5; 0.0015972021748281526 6.684770437214799e-5 -1.4931071553917523e-6; 3.264771402039639e-5 -1.4931071553917523e-6 3.944415515981619e-6]
[0.00012431156556160747 -6.111959825188723e-6 -1.1907670740316268e-6; -6.111959825188723e-6 2.829433796912636e-5 -1.830568162367205e-5; -1.1907670740316268e-6 -1.830568162367205e-5 2.789714047774e-5]
[0.0001278149895742839 1.2892651469750377e-5 3.1303584929913702e-6; 1.2892651469750377e-5 2.8688544802047443e-5 -1.949480073406014e-5; 3.1303584929913702e-6 -1.949480073406014e-5 3.065886844004552e-5]
[0.04955221857055969 0.0016178323270150754 8.64118617403186e-5; 0.0016178323270150754 5.646595343434666e-5 1.6037931144448352e-8; 8.64118617403186e-5 1.6037931144448352e-8 4.0859046892453995e-6]
[0.2728675138914277 0.0024839420608100383 9.38927544247845e-5; 0.0024839420608100383 0.0001381063008775353 1.8235823481304336e-5; 9.38927544247845e-5 1.8235823481304336e-5 0.00011342887071732207]
[2.642098817508654e-12 5.059012742303038e-14 -2.3843736637509927e-13; 5.059012742303038e-14 6.099230451650433e-14 7.343130342035045e-15; -2.3843736637509927e-13 7.343130342035045e-15 1.0736520584211033e-13]
[2.731538430953405e-12 4.029098338015707e-14 2.7934357322681026e-13; 4.029098338015707e-14 4.924658174062197e-14 2.9804264719802153e-15; 2.7934357322681026e-13 2.9804264719802153e-15 6.520320371374004e-14]
[2.719095973292438e-13 6.947487243012719e-15 8.87160081251967e-15; 6.947487243012719e-15 7.870102175164408e-15 3.170278805670472e-15; 8.87160081251967e-15 3.170278805670472e-15 3.344615215770691e-14]
[2.82298730014535e-12 -2.7715538993341447e-13 1.044376207225458e-13; -2.7715538993341447e-13 1.0288181899308518e-13 5.387371661416011e-16; 1.044376207225458e-13 5.387371661416011e-16 6.05337559752998e-14]
[2.691331910450279e-12 2.582098636562655e-13 8.52092697530116e-14; 2.582098636562655e-13 6.629705382163011e-14 6.505727107648308e-15; 8.52092697530116e-14 6.505727107648308e-15 5.0034652768615716e-14]
[2.829393979411645e-13 -5.1286627598809075e-15 1.3219853967115463e-14; -5.1286627598809075e-15 2.5991783242910782e-14 -2.0207495168678897e-16; 1.3219853967115463e-14 -2.0207495168678897e-16 7.633660097633047e-15]
[1.132578178558981e-10 1.4707216404722402e-12 6.87377038655837e-12; 1.4707216404722402e-12 4.6699458011936696e-12 4.688462314281189e-13; 6.87377038655837e-12 4.688462314281189e-13 4.775156583721497e-12]
[1.0932631832180896e-10 2.108653555951577e-12 2.4750586698314708e-12; 2.108653555951577e-12 4.8325133211847525e-12 6.678283601524346e-13; 2.4750586698314708e-12 6.678283601524346e-13 5.2921271230565015e-12]
[2.2039281862042244e-11;;]
[10.518449807297042;;]
