[1.3172644459914094e-12;;]
[1.371054008472745e-12;;]
[1.3441585640300133e-13;;]
[1.3442095328211265e-12;;]
[1.343033155968735e-12;;]
[1.3436212292356367e-13;;]
[0.0005466132488677457;;]
[2.1152699555662402e-12 -5.687003457110629e-14 -1.5409253792050952e-13; -5.687003457110629e-14 1.0977070328300336e-13 3.451441006117209e-13; -1.5409253792050952e-13 3.451441006117209e-13 1.3415662631119692e-12]
[2.534118877850901e-12 -5.765095490633033e-14 3.076796152022532e-13; -5.765095490633033e-14 1.624442960139555e-13 5.401704323416766e-13; 3.076796152022532e-13 5.401704323416766e-13 2.121303490073084e-12]
[2.324871486507189e-13 -6.856575904935287e-15 3.4945983900827546e-15; -6.856575904935287e-15 8.571953694975636e-14 3.111835239479974e-13; 3.4945983900827546e-15 3.111835239479974e-13 1.161166079077213e-12]
[0.000280776979540525 -2.807769593532961e-5 7.182819049743613e-12; -2.807769593532961e-5 2.807769494638418e-6 -3.776375727146973e-13; 7.182819049743613e-12 -3.776375727146973e-13 1.3076195584922923e-12]
[0.00027552355096733996 2.7552355170057308e-5 6.71377752789497e-13; 2.7552355170057308e-5 2.755235695377447e-6 6.190932648738789e-13; 6.71377752789497e-13 6.190932648738789e-13 2.138203027243822e-12]
[2.8800675663629147e-5 -8.447802453723892e-9 8.663880507324958e-8; -8.447802453723892e-9 1.1563379918777556e-6 2.515651944524689e-6; 8.663880507324958e-8 2.515651944524689e-6 8.536906999796684e-6]
[2.9678990404700305e-12;;]
[2.8517229153945723e-12;;]
[2.909814540768219e-13;;]
[2.9075597279262278e-12;;]
[2.9097434736512506e-12;;]
[2.908652741261758e-13;;]
[0.0005535768771629619;;]
[4.435918754241114e-12 -1.0048807516337525e-13 -3.595799243277606e-13; -1.0048807516337525e-13 2.1001815016437558e-13 6.558674243676259e-13; -3.595799243277606e-13 6.558674243676259e-13 2.588869161350258e-12]
[5.137610253243514e-12 -1.0724823523426038e-13 5.720059614562711e-13; -1.0724823523426038e-13 3.950750666357576e-13 1.3453377997858482e-12; 5.720059614562711e-13 1.3453377997858482e-12 5.256525750177368e-12]
[4.788485834225062e-13 -1.5147252904882736e-14 -7.117421308070381e-15; -1.5147252904882736e-14 1.620693752841127e-13 5.912394999802183e-13; -7.117421308070381e-15 5.912394999802183e-13 2.222543741561565e-12]
[0.0003388677669557844 -3.3886774115295365e-5 9.818393559099353e-12; -3.3886774115295365e-5 3.3886773498180514e-6 -3.412255023402785e-13; 9.818393559099353e-12 -3.412255023402785e-13 2.4960898112144583e-12]
[0.000335642171225622 3.356418900467876e-5 -1.0695753229764777e-10; 3.356418900467876e-5 3.356416510892008e-6 -9.283440399777296e-12; -1.0695753229764777e-10 -9.283440399777296e-12 5.452634961547443e-12]
[3.6597535490329794e-5 5.710585901254177e-9 -8.231609391047409e-8; 5.710585901254177e-9 1.0820098367122527e-6 2.4910118921975652e-6; -8.231609391047409e-8 2.4910118921975652e-6 8.225929523760883e-6]
[4.32996236981593e-5 -7.751880718449727e-5 0.00038923018807010583; -7.751880718449727e-5 0.00039459633225826576 -5.711854960017547e-5; 0.00038923018807010583 -5.711854960017547e-5 0.005098624221704622]
[4.3455108446746e-5 -7.73665213817985e-5 0.00039170530389897104; -7.73665213817985e-5 0.0003889949607738483 -6.907823161096102e-5; 0.00039170530389897104 -6.907823161096102e-5 0.00510204606752476]
[4.338183844055601e-6 -7.744454202236944e-6 3.9052327437711065e-5; -7.744454202236944e-6 3.9180409409840794e-5 -6.310255948129789e-6; 3.9052327437711065e-5 -6.310255948129789e-6 0.0005101072433068855]
[4.354783365778321e-5 -7.851257513012484e-5 0.00039008759467744835; -7.851257513012484e-5 0.00039728570053238 -6.377659969076635e-5; 0.00039008759467744835 -6.377659969076635e-5 0.005093518473485607]
[4.3211188374670677e-5 -7.639654382172652e-5 0.00039084618556774816; -7.639654382172652e-5 0.0003863989211379978 -6.250722376801436e-5; 0.00039084618556774816 -6.250722376801436e-5 0.005106911115363243]
[4.3384313047359885e-6 -7.745838485718982e-6 3.9052199116438966e-5; -7.745838485718982e-6 3.918579395563687e-5 -6.31543502715498e-6; 3.9052199116438966e-5 -6.31543502715498e-6 0.000510092569892115]
[0.04939073802049636 -0.046520649013095 0.35383272903371465; -0.046520649013095 1.9222746176162187 0.012515282586507862; 0.35383272903371465 0.012515282586507862 6.025350617258835]
[3.974654372288591e-11 3.5859828418435913e-13 7.631388807168908e-13 -6.289801071152207e-13 -7.526454545122166e-14 -2.007978630198395e-12; 3.5859828418435913e-13 4.895213930560636e-14 -1.3596194202725742e-14 -4.674984136926508e-15 -1.2714825097788305e-14 -1.636267887894771e-14; 7.631388807168908e-13 -1.3596194202725742e-14 4.093571384721483e-13 -1.4480284612666712e-14 3.9678601533540675e-15 -1.2194816068313398e-13; -6.289801071152207e-13 -4.674984136926508e-15 -1.4480284612666712e-14 1.0915839856990532e-14 7.284778327276658e-16 2.933764304844833e-14; -7.526454545122166e-14 -1.2714825097788305e-14 3.9678601533540675e-15 7.284778327276658e-16 8.630420846842321e-15 2.7554631538499444e-15; -2.007978630198395e-12 -1.636267887894771e-14 -1.2194816068313398e-13 2.933764304844833e-14 2.7554631538499444e-15 1.4489629939821586e-13]
[7.115904018993697e-11 4.4742317353537933e-13 9.42157809052994e-13 -1.258033527415329e-12 -2.708268365864547e-15 -2.844384153381921e-12; 4.4742317353537933e-13 4.13297532821746e-14 -9.081569694928431e-15 -6.85512249444296e-15 -4.842260340286874e-15 -1.9827385651401447e-14; 9.42157809052994e-13 -9.081569694928431e-15 2.8822294631538303e-13 -1.8253442530030802e-14 1.966399477841313e-15 -5.771461568435696e-14; -1.258033527415329e-12 -6.85512249444296e-15 -1.8253442530030802e-14 2.3443918164751673e-14 -3.5393045106883487e-16 4.6443439592321545e-14; -2.708268365864547e-15 -4.842260340286874e-15 1.966399477841313e-15 -3.5393045106883487e-16 7.945665509217084e-15 -5.295978810499996e-16; -2.844384153381921e-12 -1.9827385651401447e-14 -5.771461568435696e-14 4.6443439592321545e-14 -5.295978810499996e-16 1.5286425442615523e-13]
[5.7298535665167324e-12 4.2328612321375273e-14 8.556554571361063e-14 -9.796823914717136e-14 -4.9377174245501085e-15 -2.473385497475606e-13; 4.2328612321375273e-14 4.555023863878977e-15 -1.1423071332589814e-15 -6.155684152407412e-16 -9.075517349497833e-16 -1.856414776379783e-15; 8.556554571361063e-14 -1.1423071332589814e-15 3.488685934513383e-14 -1.6430046108354526e-15 3.0650762566071677e-16 -8.993934423760107e-15; -9.796823914717136e-14 -6.155684152407412e-16 -1.6430046108354526e-15 1.788914525713427e-15 3.843064788868495e-17 3.881750567646144e-15; -4.9377174245501085e-15 -9.075517349497833e-16 3.0650762566071677e-16 3.843064788868495e-17 8.525710655088003e-16 1.3302425334819194e-16; -2.473385497475606e-13 -1.856414776379783e-15 -8.993934423760107e-15 3.881750567646144e-15 1.3302425334819194e-16 1.5010059211399465e-14]
[8.839045846864556e-11 2.9235126350499333e-13 -9.967985005682725e-14 -1.4859050448823542e-12 4.819072882159204e-13 -4.143217788310574e-12; 2.9235126350499333e-13 6.477515057004515e-14 1.3735937150633251e-14 -9.47321995422443e-15 -7.302504562872738e-15 -1.748394387744889e-14; -9.967985005682725e-14 1.3735937150633251e-14 4.284178030568699e-13 2.022760052623842e-15 -3.673156064698772e-14 -5.690298266930343e-14; -1.4859050448823542e-12 -9.47321995422443e-15 2.022760052623842e-15 2.6541376645910652e-14 -8.629104553666303e-15 6.641272375839199e-14; 4.819072882159204e-13 -7.302504562872738e-15 -3.673156064698772e-14 -8.629104553666303e-15 1.428510616641682e-14 -1.9222030931330062e-14; -4.143217788310574e-12 -1.748394387744889e-14 -5.690298266930343e-14 6.641272375839199e-14 -1.9222030931330062e-14 2.343895180468273e-13]
[4.5974678981629854e-11 7.173313539540004e-13 -7.111740813947522e-13 -7.476056053710418e-13 -3.6056834911132606e-13 -1.8311456847307333e-12; 7.173313539540004e-13 8.547493009060904e-14 -6.824007949727047e-14 -4.1275406200222055e-15 -1.780683197672015e-14 -2.5420359852913365e-14; -7.111740813947522e-13 -6.824007949727047e-14 4.469628458066811e-13 7.10565920136855e-15 4.670229832168912e-14 -3.049814821130502e-14; -7.476056053710418e-13 -4.1275406200222055e-15 7.10565920136855e-15 1.3921079584154113e-14 5.11137886554604e-15 2.6848368449470708e-14; -3.6056834911132606e-13 -1.780683197672015e-14 4.670229832168912e-14 5.11137886554604e-15 1.4094416375370057e-14 1.0047431013477604e-14; -1.8311456847307333e-12 -2.5420359852913365e-14 -3.049814821130502e-14 2.6848368449470708e-14 1.0047431013477604e-14 1.1142687145881907e-13]
[0.010049221557047603 8.859956482562472e-5 8.489928663008805e-5 -0.0001631237149757465 -5.822071467468407e-6 -0.000531882097058951; 8.859956482562472e-5 7.811433866066103e-7 7.485196523418867e-7 -1.438190020576277e-6 -5.133064381987111e-8 -4.6893704223916765e-6; 8.489928663008805e-5 7.485196523418867e-7 7.172584742985922e-7 -1.378125355987812e-6 -4.918686560455907e-8 -4.493523247107988e-6; -0.0001631237149757465 -1.438190020576277e-6 -1.378125355987812e-6 2.647901256641761e-6 9.450661629738902e-8 8.633761640695203e-6; -5.822071467468407e-6 -5.133064381987111e-8 -4.918686560455907e-8 9.450661629738902e-8 3.3730504600976437e-9 3.081488016441339e-7; -0.000531882097058951 -4.6893704223916765e-6 -4.493523247107988e-6 8.633761640695203e-6 3.081488016441339e-7 2.81512914817314e-5]
[2.0024783558507727e-9 1.499482527840408e-11 2.8075761489326214e-11 -3.345917545623243e-11 -1.8199828702842225e-12 -9.033897427337366e-11; 1.499482527840408e-11 1.7496832033368015e-12 -4.552104537843084e-13 -2.105051328506984e-13 -3.497185216959111e-13 -6.826502419459025e-13; 2.8075761489326214e-11 -4.552104537843084e-13 1.2721207225990462e-11 -5.376362157945374e-13 1.1486816794341317e-13 -3.196732260606488e-12; -3.345917545623243e-11 -2.105051328506984e-13 -5.376362157945374e-13 6.022851591217446e-13 1.2817023996645303e-14 1.382651894149839e-12; -1.8199828702842225e-12 -3.497185216959111e-13 1.1486816794341317e-13 1.2817023996645303e-14 3.220214881885031e-13 5.3600901479289894e-14; -9.033897427337366e-11 -6.826502419459025e-13 -3.196732260606488e-12 1.382651894149839e-12 5.3600901479289894e-14 5.6337770818075924e-12]
[1.9991769337760587e-9 1.4977551010487104e-11 2.8031501278693614e-11 -3.339413871834597e-11 -1.822340072207308e-12 -9.0239936500287e-11; 1.4977551010487104e-11 1.7494582566745776e-12 -4.553097836687769e-13 -2.1017117147613834e-13 -3.4998440638225106e-13 -6.820456730101356e-13; 2.8031501278693614e-11 -4.553097836687769e-13 1.2718052750734744e-11 -5.367666470333349e-13 1.148871074233295e-13 -3.1969908910716437e-12; -3.339413871834597e-11 -2.1017117147613834e-13 -5.367666470333349e-13 6.01003870487297e-13 1.2852349829198038e-14 1.3807001183775272e-12; -1.822340072207308e-12 -3.4998440638225106e-13 1.148871074233295e-13 1.2852349829198038e-14 3.2190654684208955e-13 5.3762562343246225e-14; -9.0239936500287e-11 -6.820456730101356e-13 -3.1969908910716437e-12 1.3807001183775272e-12 5.3762562343246225e-14 5.630561178589254e-12]
[0.09403657373363236 0.0016238540196551292 -0.007516775552150119; 0.0016238540196551292 0.011027194809092972 -0.0004361724309117973; -0.007516775552150119 -0.0004361724309117973 0.06090617487040013]
[0.0941106286587105 0.001646052878713087 0.0018084021428252416; 0.001646052878713087 0.011020542539187092 -5.8855327952859264e-5; 0.0018084021428252416 -5.8855327952859264e-5 0.060014150328661434]
[0.022812589968506346 0.00044313455600083373 -0.0016045443248647205; 0.00044313455600083373 0.0012991621371661894 -8.8515576429892e-5; -0.0016045443248647205 -8.8515576429892e-5 0.01570254034514518]
[0.09744938980191449 -0.007048811960935776 -0.002927467432324178; -0.007048811960935776 0.011510208073717092 -1.5737654957410638e-5; -0.002927467432324178 -1.5737654957410638e-5 0.059694830341112094]
[0.09897539831972554 0.010541805042379462 -0.002974851115439843; 0.010541805042379462 0.01211127622588295 -0.00048516989500712855; -0.002974851115439843 -0.00048516989500712855 0.060771924720372884]
[0.026688568811415177 0.0005157092897066219 -0.0013736354545851289; 0.0005157092897066219 0.0013228552951924637 -6.750162020299212e-5; -0.0013736354545851289 -6.750162020299212e-5 0.01149106473790583]
[0.9747766146737099 -0.0004013280795305888 -4.277715671996717e-5; -0.0004013280795305888 0.1044886032824873 -0.0005521308096134483; -4.277715671996717e-5 -0.0005521308096134483 0.4086469849793245]
[4.5397915631245457e-10 -3.621117900254434e-12 -8.030408376738221e-12 -1.1796589370800424e-11 -2.491514389646133e-12 -1.824545382546829e-11; -3.621117900254434e-12 1.1983140771038789e-12 -5.564732465066893e-13 9.824232438796422e-14 -2.4225042525098383e-13 2.3096594559702166e-13; -8.030408376738221e-12 -5.564732465066893e-13 7.350873571203768e-12 9.9028629003657e-14 2.289555810190849e-13 -4.06090494107878e-13; -1.1796589370800424e-11 9.824232438796422e-14 9.9028629003657e-14 3.5204808411999543e-13 4.844533695022599e-14 3.6911124340797974e-13; -2.491514389646133e-12 -2.4225042525098383e-13 2.289555810190849e-13 4.844533695022599e-14 3.0771941435836453e-13 1.0399806602500762e-13; -1.824545382546829e-11 2.3096594559702166e-13 -4.06090494107878e-13 3.6911124340797974e-13 1.0399806602500762e-13 1.7269937326510449e-12]
[3.4716361296171896e-10 -2.5716199093141493e-12 -7.961609852236103e-12 -7.779265455220452e-12 -2.698828451705506e-12 -1.9758850981643964e-11; -2.5716199093141493e-12 1.0640886901157982e-12 -4.524600264869782e-13 6.236110419176298e-14 -2.1337631698517214e-14 1.1913630715312848e-13; -7.961609852236103e-12 -4.524600264869782e-13 6.750252781595018e-12 7.763500209552799e-14 1.3504312093461568e-13 1.0693093653238856e-12; -7.779265455220452e-12 6.236110419176298e-14 7.763500209552799e-14 2.1984681369617213e-13 4.1625053648429196e-14 3.154248845457126e-13; -2.698828451705506e-12 -2.1337631698517214e-14 1.3504312093461568e-13 4.1625053648429196e-14 2.8765539295583914e-13 1.8820212326255878e-13; -1.9758850981643964e-11 1.1913630715312848e-13 1.0693093653238856e-12 3.154248845457126e-13 1.8820212326255878e-13 2.1958442240781303e-12]
[4.4582522742618984e-11 -3.2928055154980396e-13 -8.536801130316559e-13 -1.113349201707864e-12 -3.104172470895491e-13 -2.029490397254783e-12; -3.2928055154980396e-13 1.1342680876267362e-13 -5.049949452641235e-14 8.728888416206121e-15 -1.3402273850033483e-14 1.7564337676773866e-14; -8.536801130316559e-13 -5.049949452641235e-14 7.060761009572579e-13 1.0292255314899923e-14 1.9384669880821766e-14 3.535775417872226e-14; -1.113349201707864e-12 8.728888416206121e-15 1.0292255314899923e-14 3.2654964833950283e-14 5.787167801609559e-15 3.7810747266576765e-14; -3.104172470895491e-13 -1.3402273850033483e-14 1.9384669880821766e-14 5.787167801609559e-15 3.123091316798791e-14 1.707021034609385e-14; -2.029490397254783e-12 1.7564337676773866e-14 3.535775417872226e-14 3.7810747266576765e-14 1.707021034609385e-14 2.0097275321720355e-13]
[3.6634325076536127e-10 -1.96402379163148e-12 -1.991255159134517e-13 -8.775916234713341e-12 -5.544824573661239e-12 -1.7283257852037574e-11; -1.96402379163148e-12 1.6092081442506277e-12 -1.3297683183007867e-13 -1.1173068051887267e-13 -1.616214767392651e-13 1.3176114261752581e-13; -1.991255159134517e-13 -1.3297683183007867e-13 7.928579345366626e-12 -1.0349078362772526e-13 -7.18689913196379e-13 3.821358672648106e-14; -8.775916234713341e-12 -1.1173068051887267e-13 -1.0349078362772526e-13 2.6972375206239384e-13 1.483956606700931e-13 3.0216209665059464e-13; -5.544824573661239e-12 -1.616214767392651e-13 -7.18689913196379e-13 1.483956606700931e-13 4.338214785803304e-13 2.38294007920334e-13; -1.7283257852037574e-11 1.3176114261752581e-13 3.821358672648106e-14 3.0216209665059464e-13 2.38294007920334e-13 1.7612311451809076e-12]
[5.009353172773296e-10 -9.994341912156594e-12 7.96388692476776e-12 -1.3490031602676707e-11 2.3115141602440887e-12 -2.2976169610448345e-11; -9.994341912156594e-12 1.9350461319379557e-12 -1.66161704015463e-12 4.680036788005344e-13 -4.1131874086215556e-13 4.161154631738273e-13; 7.96388692476776e-12 -1.66161704015463e-12 9.286752758596212e-12 -5.160199624428385e-13 1.1703022987348798e-12 -2.4394443502245755e-13; -1.3490031602676707e-11 4.680036788005344e-13 -5.160199624428385e-13 4.3438876486869976e-13 -1.3569837497993985e-13 4.850110116098583e-13; 2.3115141602440887e-12 -4.1131874086215556e-13 1.1703022987348798e-12 -1.3569837497993985e-13 4.1706565201183196e-13 -1.7616404092425464e-14; -2.2976169610448345e-11 4.161154631738273e-13 -2.4394443502245755e-13 4.850110116098583e-13 -1.7616404092425464e-14 2.0548204986807594e-12]
[0.02085751966324062 -0.00031403606503352914 0.00041248743792159613 -0.0005711189449719191 -5.085885254136582e-5 -0.0011714949610603983; -0.00031403606503352914 4.728206200709658e-6 -6.210514762603584e-6 8.598910566508812e-6 7.657436432415859e-7 1.7638322948598754e-5; 0.00041248743792159613 -6.210514762603584e-6 8.157532980558025e-6 -1.129469824988899e-5 -1.005806895175959e-6 -2.3167997092208858e-5; -0.0005711189449719191 8.598910566508812e-6 -1.129469824988899e-5 1.5638333546723005e-5 1.39261305106679e-6 3.20777818624149e-5; -5.085885254136582e-5 7.657436432415859e-7 -1.005806895175959e-6 1.39261305106679e-6 1.240139790728302e-7 2.856566388392588e-6; -0.0011714949610603983 1.7638322948598754e-5 -2.3167997092208858e-5 3.20777818624149e-5 2.856566388392588e-6 6.579883265545649e-5]
[1.569251295638078e-8 -1.217799053967285e-10 -2.7039294215793534e-10 -3.829043916215208e-10 -1.0315606994588869e-10 -7.472994081431493e-10; -1.217799053967285e-10 4.380521940557548e-11 -1.8604827004966024e-11 3.1541629826643e-12 -5.118955462188565e-12 6.8105591296050816e-12; -2.7039294215793534e-10 -1.8604827004966024e-11 2.5967647783017633e-10 2.6716261442493877e-12 6.592855638377801e-12 1.0561667849105836e-11; -3.829043916215208e-10 3.1541629826643e-12 2.6716261442493877e-12 1.1183342687580582e-11 1.7945459761068508e-12 1.350630948067832e-11; -1.0315606994588869e-10 -5.118955462188565e-12 6.592855638377801e-12 1.7945459761068508e-12 1.1635458215274762e-11 5.917787790189082e-12; -7.472994081431493e-10 6.8105591296050816e-12 1.0561667849105836e-11 1.350630948067832e-11 5.917787790189082e-12 7.501793729929494e-11]
[1.568299127503884e-8 -1.217433718892085e-10 -2.6996957877410907e-10 -3.82675085235395e-10 -1.0301536348957384e-10 -7.467483759794385e-10; -1.217433718892085e-10 4.379845520242706e-11 -1.8596839075641075e-11 3.1529966543892203e-12 -5.127405686530318e-12 6.813121175284702e-12; -2.6996957877410907e-10 -1.8596839075641075e-11 2.5954348305215657e-10 2.66456899895681e-12 6.589151667781934e-12 1.0471893240898198e-11; -3.82675085235395e-10 3.1529966543892203e-12 2.66456899895681e-12 1.1177054412247042e-11 1.7918086972238541e-12 1.349692738795308e-11; -1.0301536348957384e-10 -5.127405686530318e-12 6.589151667781934e-12 1.7918086972238541e-12 1.1630049910808532e-11 5.907814528743722e-12; -7.467483759794385e-10 6.813121175284702e-12 1.0471893240898198e-11 1.349692738795308e-11 5.907814528743722e-12 7.495621166209866e-11]
[6.483325478915237 -0.019180444234186127 -0.17482678154091016; -0.019180444234186127 0.044576787107469595 0.007391076345174579; -0.17482678154091016 0.007391076345174579 0.27849343630596335]
