[0.00874173779805388;;]
[0.10541859854528911;;]
[0.020273994771606855;;]
[0.009830083839385379;;]
[0.39978255165655374;;]
[0.0210148999895696;;]
[0.3169857547813287;;]
[0.00026274759849129425 -0.0013076992394142905 -0.004801638652751951; -0.0013076992394142905 0.0065084412907606085 0.0238978369993201; -0.004801638652751951 0.0238978369993201 0.0877486002821621]
[2.8020072965723555e-12 -1.6146828533613342e-13 3.133812770270236e-14; -1.6146828533613342e-13 1.5854569711204355e-12 1.713506058519391e-12; 3.133812770270236e-14 1.713506058519391e-12 3.773916561349517e-12]
[2.7934341789814094e-13;;]
[0.0003248343636501377 -0.0005965416608258143 -1.8467778799944417e-5; -0.0005965416608258143 0.001095518196517668 3.391513067024215e-5; -1.8467778799944417e-5 3.391513067024215e-5 1.049950382292607e-6]
[5.826262468484616e-7 -2.5264095802384588e-5 -7.582875205407824e-5; -2.5264095802384588e-5 0.0010955181965176676 0.0032881357752578212; -7.582875205407824e-5 0.0032881357752578212 0.009869153167652134]
[2.9131103649249895e-13;;]
[2.608138691635985e-10;;]
[2.607250737344975e-10;;]
[2.6076947054638385e-11;;]
[2.605129226314515e-10;;]
[2.6102651090842944e-10;;]
[2.6076971586904773e-11;;]
[507.74049384564205;;]
[0.046758031882216805 -0.06490988156023632 -0.20764485347688197; -0.06490988156023632 0.09010842818094396 0.2882542830044736; -0.20764485347688197 0.2882542830044736 0.9221172020783903]
[5.513892877672572e-10 -5.2817480689187626e-11 4.6357149005895534e-11; -5.2817480689187626e-11 1.824063267569627e-11 5.105304762533358e-12; 4.6357149005895534e-11 5.105304762533358e-12 3.611983017412839e-11]
[3.5289099940194027e-11;;]
[0.9329317483175479 -0.10411070095344417 0.23280757194531834; -0.10411070095344417 0.011618254047046313 -0.025980206526340473; 0.23280757194531834 -0.025980206526340473 0.05809574570083227]
[0.02382550003907934 0.016637629252260512 0.027314454028588824; 0.016637629252260512 0.011618254047046452 0.01907400755501097; 0.027314454028588824 0.01907400755501097 0.031314323400242663]
[5.1250458765402315e-11;;]
[0.020639257128509832 0.0007102896049970418 0.03552181538663659; 0.0007102896049970418 0.01901937679013154 -0.0004417761502045959; 0.03552181538663659 -0.0004417761502045959 0.06573903978349128]
[0.008250113376542982 0.010132723549929133 0.011917101248293437; 0.010132723549929133 0.2342320689205641 -0.0028309683056726848; 0.011917101248293437 -0.0028309683056726848 0.0223107851835584]
[0.0055086919523306835 0.00045055383850311906 0.009807094987030363; 0.00045055383850311906 0.01444847837287526 -0.0005187936016988515; 0.009807094987030363 -0.0005187936016988515 0.01802662028396776]
[0.027034317068052507 -0.042811646393369825 0.052077175397631; -0.042811646393369825 0.11189866699694888 -0.0908385066517904; 0.052077175397631 -0.0908385066517904 0.10598928291423089]
[0.03432804625916867 0.051821281870660874 0.05709112824688157; 0.051821281870660874 0.11259347537030198 0.08697041005024138; 0.05709112824688157 0.08697041005024138 0.098992768938591]
[0.012029804036476188 0.0007515945510496375 0.021740711856447267; 0.0007515945510496375 0.017732053947609506 -0.0002600275693025566; 0.021740711856447267 -0.0002600275693025566 0.03988271224844853]
[20.151964071631497 -0.3170607273932308 -4.281119564426397; -0.3170607273932308 0.4345950837118024 0.07650042417567358; -4.281119564426397 0.07650042417567358 1.0157929683673717]
[0.0012095057685342146 -0.0038564370962189953 -0.007484509559526026 0.001475298570656479 0.001487708401749652 -0.014957439447560936; -0.0038564370962189953 0.012296335913128509 0.02386452068063477 -0.004704005580747446 -0.004743566273957287 0.047691999081812535; -0.007484509559526026 0.02386452068063477 0.046315866227441944 -0.009129455328809395 -0.009206233303828497 0.09255983264406731; 0.001475298570656479 -0.004704005580747446 -0.009129455328809395 0.001799534711817634 0.0018146693423519418 -0.018244747242746922; 0.001487708401749652 -0.004743566273957287 -0.009206233303828497 0.0018146693423519418 0.0018299317221296754 -0.018398189409668905; -0.014957439447560936 0.047691999081812535 0.09255983264406731 -0.018244747242746922 -0.018398189409668905 0.1849760476915175]
[2.056651557724855e-8 6.970337804498811e-9 1.4097147860325727e-8 4.925564276127636e-10 2.2336701289170177e-9 1.7089530199968536e-9; 6.970337804498811e-9 3.381892950089807e-9 5.472273957516638e-9 3.1056428694477914e-10 1.0561710013880732e-9 7.130452588977534e-10; 1.4097147860325727e-8 5.472273957516638e-9 1.474437032499861e-8 4.4747635258064083e-10 2.400632727789672e-9 2.0979111691020593e-9; 4.925564276127636e-10 3.1056428694477914e-10 4.4747635258064083e-10 4.141114156922746e-11 1.0649843869440343e-10 4.30157312705967e-11; 2.2336701289170177e-9 1.0561710013880732e-9 2.400632727789672e-9 1.0649843869440343e-10 4.756540653038358e-10 3.345350747778818e-10; 1.7089530199968536e-9 7.130452588977534e-10 2.0979111691020593e-9 4.30157312705967e-11 3.345350747778818e-10 4.3813381569414076e-10]
[1.1092203101098173e-9 2.2730944173107613e-10 2.944325103313094e-10; 2.2730944173107613e-10 7.198427097217957e-11 5.138706286070747e-11; 2.944325103313094e-10 5.138706286070747e-11 2.0189658380215508e-10]
[0.3418045969736185 0.15246620496856636 0.22032449686903777 -0.004550829779514757 0.057770193539289624 0.049870517108188156; 0.15246620496856636 0.06800945448724025 0.09827849145731146 -0.0020299543732486135 0.025769116192430896 0.022245366772241017; 0.22032449686903777 0.09827849145731146 0.1420194071267666 -0.0029334280936694685 0.03723820361174812 0.03214613589685472; -0.004550829779514757 -0.0020299543732486135 -0.0029334280936694685 6.059036838874836e-5 -0.0007691596622273304 -0.000663982400891339; 0.057770193539289624 0.025769116192430896 0.03723820361174812 -0.0007691596622273304 0.009764044833294972 0.008428878838451856; 0.049870517108188156 0.022245366772241017 0.03214613589685472 -0.000663982400891339 0.008428878838451856 0.007276287883552428]
[0.012972356755525147 0.0074371353430557376 0.007837572334878772 0.0008865659449912 0.0019110684404114542 0.00046943090789988966; 0.0074371353430557376 0.004263759157475234 0.004493330871954525 0.0005082741977724004 0.0010956281452420128 0.0002691279027761855; 0.007837572334878772 0.004493330871954525 0.004735270538894367 0.0005356409861248209 0.0011546206530843467 0.0002836192422832258; 0.0008865659449912 0.0005082741977724004 0.0005356409861248209 6.0590368388933624e-5 0.00013060767297824933 3.208212584974023e-5; 0.0019110684404114542 0.0010956281452420128 0.0011546206530843467 0.00013060767297824933 0.000281536092385487 6.915590719570161e-5; 0.00046943090789988966 0.0002691279027761855 0.0002836192422832258 3.208212584974023e-5 6.915590719570161e-5 1.698794499778908e-5]
[1.475448021294748e-9 4.344759589456418e-10 2.1708710968263217e-10; 4.344759589456418e-10 2.1420841938777739e-10 -3.3429170082926285e-11; 2.1708710968263217e-10 -3.3429170082926285e-11 2.973853725743004e-10]
[1.0245279175327485e-8 2.093719905323874e-9 2.5943977090006707e-9; 2.093719905323874e-9 5.941721572153009e-10 5.214176460139822e-10; 2.5943977090006707e-9 5.214176460139822e-10 1.6362196165599965e-9]
[3.277841957450445 0.41129679247447304 -0.9930870544857281; 0.41129679247447304 0.07638337765372487 0.015988653520992737; -0.9930870544857281 0.015988653520992737 1.0987906770797855]
[0.12906333294584435 0.019834790250714922 0.06379773891630942; 0.019834790250714922 0.7180416131962519 -0.07663494225589641; 0.06379773891630942 -0.07663494225589641 1.0192457295400084]
[0.12976175759952 0.02104993276281227 0.08250651710261481; 0.02104993276281227 0.7398520434874015 -0.0655823826846499; 0.08250651710261481 -0.0655823826846499 0.989148859866246]
[0.013251954168220788 0.0023374963538987477 0.009287869553492296; 0.0023374963538987477 0.08393374857939026 -0.009884106490737827; 0.009287869553492296 -0.009884106490737827 0.1286092845152176]
[0.12923657601361974 0.008857036132714024 0.07280858714790407; 0.008857036132714024 0.7176806966664917 -0.09003805555369138; 0.07280858714790407 -0.09003805555369138 1.000971398264239]
[0.1296992821852581 0.03220942278503077 0.07406937512400114; 0.03220942278503077 0.7424995605900367 -0.05166936511132699; 0.07406937512400114 -0.05166936511132699 1.0061298053933583]
[0.01324247635945283 0.002370520639624976 0.009000750630717135; 0.002370520639624976 0.08566871641069583 -0.010259830961753822; 0.009000750630717135 -0.010259830961753822 0.12267345789455834]
[57.916878332302765 4.703630539263421 -4.8744763438588485; 4.703630539263421 4.170716620629426 0.6383491352015718; -4.8744763438588485 0.6383491352015718 11.797816690005416]
[0.19930724427412336 -0.8160654289366364 0.019538468934714958 -0.11274776706118013 -0.7460544946344785 -0.7706319053432215; -0.8160654289366364 3.3413898489775615 -0.08000178328640853 0.46164644515303876 3.0547292104207378 3.155362567622924; 0.019538468934714958 -0.08000178328640853 0.0019171239479367907 -0.011052031797222243 -0.07313878855578848 -0.07554946540765319; -0.11274776706118013 0.46164644515303876 -0.011052031797222243 0.06378172343168464 0.42204110280703233 0.4359438315718835; -0.7460544946344785 3.0547292104207378 -0.07313878855578848 0.42204110280703233 2.7926616824717554 2.884661961703652; -0.7706319053432215 3.155362567622924 -0.07554946540765319 0.4359438315718835 2.884661961703652 2.9796939970517573]
[0.07074675525185346 -0.008258551238952768 -0.2048088375047981 -0.0717663670282787 -0.07998927640277895 0.10821363242046544; -0.008258551238952768 0.0009658196067919094 0.023908829983115887 0.008379065170876585 0.009337040414081508 -0.012632771915850926; -0.2048088375047981 0.023908829983115887 0.5929132886116043 0.20776117295330648 0.23156550178823182 -0.31327418929446876; -0.0717663670282787 0.008379065170876585 0.20776117295330648 0.07280196009995078 0.08114173737267155 -0.10977372597135587; -0.07998927640277895 0.009337040414081508 0.23156550178823182 0.08114173737267155 0.09043947483573914 -0.12235086477005665; 0.10821363242046544 -0.012632771915850926 -0.31327418929446876 -0.10977372597135587 -0.12235086477005665 0.1655229258387828]
[5.192023185264047e-9 4.226765530202331e-9 -4.409623949240803e-9; 4.226765530202331e-9 6.447142697099239e-9 -3.3514696311965896e-9; -4.409623949240803e-9 -3.3514696311965896e-9 5.527508153298127e-9]
[0.3501313382348565 0.5091619372001329 -0.9518200646407704 -0.003556810964225386 -0.44486706537769255 0.5688295895184422; 0.5091619372001329 0.7404249999642609 -1.3841393711307857 -0.005172176785378064 -0.6469269266653687 0.8271936495010002; -0.9518200646407704 -1.3841393711307857 2.587490525769443 0.009669105984555162 1.2093559874407387 -1.5463440025571433; -0.003556810964225386 -0.005172176785378064 0.009669105984555162 3.624525646312557e-5 0.004519153710678983 -0.0057784805545631045; -0.44486706537769255 -0.6469269266653687 1.2093559874407387 0.004519153710678983 0.5652357445151125 -0.7227389875746323; 0.5688295895184422 0.8271936495010002 -1.5463440025571433 -0.0057784805545631045 -0.7227389875746323 0.9241309049960791]
[5.749730868754855e-6 -1.0722799143446357e-5 -1.998881433314169e-5 -1.43578875982414e-5 -3.592667104409068e-6 1.1622911195324227e-5; -1.0722799143446357e-5 2.0490227833035805e-5 3.768567401254495e-5 2.7200727579492555e-5 6.770766377439359e-6 -2.198888134282505e-5; -1.998881433314169e-5 3.768567401254495e-5 6.988625941867003e-5 5.029380569360504e-5 1.2561622623025112e-5 -4.070148148051731e-5; -1.43578875982414e-5 2.7200727579492555e-5 5.029380569360504e-5 3.62452564631249e-5 9.035376545422717e-6 -2.9319773449609252e-5; -3.592667104409068e-6 6.770766377439359e-6 1.2561622623025112e-5 9.035376545422717e-6 2.265912134217897e-6 -7.314415255893477e-6; 1.1622911195324227e-5 -2.198888134282505e-5 -4.070148148051731e-5 -2.9319773449609252e-5 -7.314415255893477e-6 2.372787575478988e-5]
[5.180695521799242e-9 4.2014323048453986e-9 -4.399402920483093e-9; 4.2014323048453986e-9 6.460925457373876e-9 -3.3110752555171762e-9; -4.399402920483093e-9 -3.3110752555171762e-9 5.508706290381134e-9]
[5.1164964258269236e-8 4.188952635958215e-8 -4.2988689902496584e-8; 4.188952635958215e-8 6.138033007321432e-8 -3.3321651850658715e-8; -4.2988689902496584e-8 -3.3321651850658715e-8 5.375552208601639e-8]
[2.535806843523099 2.2394622585506934 -1.926288265540787; 2.2394622585506934 2.9030757934967757 1.605345797691027; -1.926288265540787 1.605345797691027 13.278653608143431]
[4.687230442673704e-8;;]
[2.355100049077517;;]
