[1.356252499656029e-5 8.482328473943237e-5 -0.00044502734864519195 -0.00013310607058248942 0.00021734489554069025; 8.482328473943237e-5 0.0005305107978749116 -0.0027833369043998844 -0.0008324856351229003 0.001359340681085405; -0.00044502734864519195 -0.0027833369043998844 0.014602842901237742 0.00436765620641397 -0.007131814318593718; -0.00013310607058248942 -0.0008324856351229003 0.00436765620641397 0.0013063504089181376 -0.0021331003641518994; 0.00021734489554069025 0.001359340681085405 -0.007131814318593718 -0.0021331003641518994 0.003483075733371599]
[1.3864550980585231e-5 8.67122307386783e-5 -0.0004549377760753739 -0.00013607025995691807 0.0002221850652025333; 8.67122307386783e-5 0.0005423248182753373 -0.0028453196340500653 -0.0008510245394230849 0.001389612337549863; -0.0004549377760753739 -0.0028453196340500653 0.014928037654680412 0.0044649212536586195 -0.00729063566099741; -0.00013607025995691807 -0.0008510245394230849 0.0044649212536586195 0.0013354421870690803 -0.0021806035084890635; 0.0002221850652025333 0.001389612337549863 -0.00729063566099741 -0.0021806035084890635 0.0035606422788703857]
[1.3858291931026683e-6 8.667309766573502e-6 -4.5473245210392806e-5 -1.3600884288466755e-5 2.2208476236368806e-5; 8.667309766573502e-6 5.420801104009161e-5 -0.0002844035684082468 -8.506404825187825e-5 0.00013889852051334804; -4.5473245210392806e-5 -0.0002844035684082468 0.0014921301016376548 0.0004462906196765058 -0.000728734525673049; -1.3600884288466755e-5 -8.506404825187825e-5 0.0004462906196765058 0.00013348394429159267 -0.0002179619281194553; 2.2208476236368806e-5 0.00013889852051334804 -0.000728734525673049 -0.0002179619281194553 0.0003559035123650559]
[1.4491749887449542e-5 9.063491667709183e-5 -0.0004755182067498837 -0.00014222578856522882 0.0002322362017852355; 9.063491667709183e-5 0.00056685849367246 -0.002974035910985761 -0.0008895230211575444 0.0014524753265292526; -0.0004755182067498837 -0.002974035910985761 0.015603349495645564 0.004666904131955124 -0.0076204473293341665; -0.00014222578856522882 -0.0008895230211575444 0.004666904131955124 0.001395854375946477 -0.0022792487214319756; 0.0002322362017852355 0.0014524753265292526 -0.0076204473293341665 -0.0022792487214319756 0.0037217170277903102]
[1.30115678360052e-5 8.137740376782892e-5 -0.00042694848618084387 -0.00012769875074895002 0.00020851548684834868; 8.137740376782892e-5 0.0005089592140472768 -0.002670266252344185 -0.0007986667074604967 0.0013041187964902316; -0.00042694848618084387 -0.002670266252344185 0.014009616258986802 0.004190224734835386 -0.006842091909821579; -0.00012769875074895002 -0.0007986667074604967 0.004190224734835386 0.001253281468321643 -0.002046445717905534; 0.00020851548684834868 0.0013041187964902316 -0.006842091909821579 -0.002046445717905534 0.003341580020837272]
[1.3865866921388499e-6 8.672045681401254e-6 -4.549809202432722e-5 -1.3608315710437767e-5 2.2220610754528926e-5; 8.672045681401254e-6 5.423763114845542e-5 -0.00028455896970061204 -8.511052794508749e-5 0.00013897441559749377; -4.549809202432722e-5 -0.00028455896970061204 0.0014929454172470252 0.00044653447632209847 -0.0007291327111550233; -1.3608315710437767e-5 -8.511052794508749e-5 0.00044653447632209847 0.00013355688045474243 -0.00021808102292995791; 2.2220610754528926e-5 0.00013897441559749377 -0.0007291327111550233 -0.00021808102292995791 0.00035609797827200495]
[1.3275712912415151e-5 8.302947246419764e-5 -0.0004356160964672107 -0.0001302912008032796 0.00021274859654555058; 8.302947246419764e-5 0.0005192917192976709 -0.002724475831278374 -0.0008148805350248938 0.0013305938648472551; -0.0004356160964672107 -0.002724475831278374 0.014294027345773206 0.004275290746610736 -0.006980993641418756; -0.0001302912008032796 -0.0008148805350248938 0.004275290746610736 0.0012787242890054881 -0.002087990533669062; 0.00021274859654555058 0.0013305938648472551 -0.006980993641418756 -0.002087990533669062 0.0034094172940194725]
[1.4177581661527132e-5 8.867003670890019e-5 -0.00046520942986331786 -0.00013914247326214774 0.00022720157326864456; 8.867003670890019e-5 0.0005545695703602239 -0.0029095619435042324 -0.0008702391542596158 0.0014209872860027923; -0.00046520942986331786 -0.0029095619435042324 0.015265086081529537 0.004565731094935292 -0.007455244935524634; -0.00013914247326214774 -0.0008702391542596158 0.004565731094935292 0.001365594000504232 -0.00222983747392797; 0.00022720157326864456 0.0014209872860027923 -0.007455244935524634 -0.00222983747392797 0.0036410349009939466]
[1.3926734893582836e-6 8.710116745552996e-6 -4.569783332294794e-5 -1.3668057807621498e-5 2.2318161889450527e-5; 8.710116745552996e-6 5.447573879552551e-5 -0.00028580820971413817 -8.548417185615391e-5 0.0001395845279504837; -4.569783332294794e-5 -0.00028580820971413817 0.0014994995904651007 0.00044849480911180486 -0.0007323336814597512; -1.3668057807621498e-5 -8.548417185615391e-5 0.00044849480911180486 0.0001341432097147725 -0.00021903842311182855; 2.2318161889450527e-5 0.0001395845279504837 -0.0007323336814597512 -0.00021903842311182855 0.0003576612890374652]
[1.362646922386922e-5 8.522319736929073e-5 -0.0004471255854558248 -0.0001337336473506129 0.00021836966537350333; 8.522319736929073e-5 0.0005330120638685662 -0.0027964599058222083 -0.0008364106965719341 0.001365749829857973; -0.0004471255854558248 -0.0027964599058222083 0.014671693493631973 0.004388249206524115 -0.007165440171716895; -0.0001337336473506129 -0.0008364106965719341 0.004388249206524115 0.00131250972420465 -0.0021431577659587328; 0.00021836966537350333 0.001365749829857973 -0.007165440171716895 -0.0021431577659587328 0.003499498224361806]
[1.3798184662067495e-5 8.629715854774534e-5 -0.000452760022720834 -0.00013541889702803749 0.00022112145607770963; 8.629715854774534e-5 0.0005397287604699506 -0.0028316993048643564 -0.0008469507296517048 0.0013829603031229264; -0.000452760022720834 -0.0028316993048643564 0.01485657794825968 0.0044435478693094005 -0.0072557355491978896; -0.00013541889702803749 -0.0008469507296517048 0.0044435478693094005 0.0013290494620498638 -0.0021701649807966406; 0.00022112145607770963 0.0013829603031229264 -0.0072557355491978896 -0.0021701649807966406 0.003543597459309056]
[1.3823094637870126e-6 8.64529564855195e-6 -4.535774852676085e-5 -1.3566339476826063e-5 2.2152069094211317e-5; 8.64529564855195e-6 5.407032843028878e-5 -0.0002836812131493774 -8.484799428107744e-5 0.00013854573267452121; -4.535774852676085e-5 -0.0002836812131493774 0.0014883402521108679 0.00044515708849029604 -0.0007268836176007375; -1.3566339476826063e-5 -8.484799428107744e-5 0.00044515708849029604 0.00013314490929353706 -0.0002174083281638681; 2.2152069094211317e-5 0.00013854573267452121 -0.0007268836176007375 -0.0002174083281638681 0.0003549995558363903]
[7.279092631402453 -2.512029667144927 -0.7527222945254882 1.0777522566876774 1.0414610570997784; -2.512029667144927 8.591298084180329 1.0459014050379967 2.350681057525982 -0.2272862934123506; -0.7527222945254882 1.0459014050379967 2.2660820302104208 0.24083445256471336 0.4802238788296477; 1.0777522566876774 2.350681057525982 0.24083445256471336 9.717970871927477 4.565395299766067; 1.0414610570997784 -0.2272862934123506 0.4802238788296477 4.565395299766067 4.875779096080754]
[0.00016074718119557456 -0.005257914151557049 0.00015717627220546615 -0.0006910597592402201 0.0015258461017928027 0.0006351379070905818 0.0018176738694364227 -7.197671913681577e-5 -0.00036132872385573073 -0.0010420124284909126 0.001876106098130396 0.002540722011153521 -0.0019000310312106688 -0.00046436079670709134 -0.002223775269794815; -0.005257914151557049 0.1856413945695405 -0.0038204354375475347 0.02821651187763933 -0.05371310554397206 -0.020109731174939728 -0.06342564346757504 0.0015688545274931546 0.03492135207614555 0.054955833230017966 -0.06266322771823153 -0.06363473793895301 0.08593747530563431 0.0007961809043453307 0.086688681506062; 0.00015717627220546615 -0.0038204354375475347 0.00028138011516651117 -0.0001330429346999004 0.00112416070613997 0.0006853419114904986 0.00139335183182836 -0.00014632212352626376 0.0018804664849339724 0.0009992708867825912 0.0017090020740294634 0.004366853513652267 0.00044230641580550727 -0.0018456615870960124 -0.0008254956616495426; -0.0006910597592402201 0.02821651187763933 -0.0001330429346999004 0.005277060221862042 -0.008122682542620939 -0.0024571800815233946 -0.009445914331174166 -1.3308302938500144e-5 0.011046190699028702 0.01305611218700879 -0.008598503751765085 -0.0029223485337283588 0.017943164787820542 -0.003917629152160946 0.0152924430562339; 0.0015258461017928027 -0.05371310554397206 0.00112416070613997 -0.008122682542620939 0.015542977846533634 0.005843633317913265 0.018359597967349067 -0.0004644823452989268 -0.009863542873106607 -0.015703671670913147 0.018169665272822606 0.0186948740536353 -0.024660375888887483 -0.0003996513448475364 -0.024993623288719072; 0.0006351379070905818 -0.020109731174939728 0.0006853419114904986 -0.0024571800815233946 0.005843633317913265 0.0025419259574030067 0.006988557275413738 -0.0003226405161871658 -0.0003026438625717237 -0.0031007388050745136 0.007349631243428833 0.010986954922588646 -0.006348887489767441 -0.00253564043241563 -0.008107145257926272; 0.0018176738694364227 -0.06342564346757504 0.00139335183182836 -0.009445914331174166 0.018359597967349067 0.006988557275413738 0.021708059862183885 -0.0005855449369060219 -0.010802096362667577 -0.017850692068200082 0.02159150389922285 0.023069267966250317 -0.02840075763159426 -0.0010666269240292544 -0.029201408755979145; -7.197671913681577e-5 0.0015688545274931546 -0.00014632212352626376 -1.3308302938500144e-5 -0.0004644823452989268 -0.0003226405161871658 -0.0005855449369060219 7.739494398767657e-5 -0.00116670021617711 -0.000733671540093168 -0.0007654561218666042 -0.0022572651789284394 -0.0005171925043456165 0.0010355603832723388 0.00019350537796637455; -0.00036132872385573073 0.03492135207614555 0.0018804664849339724 0.011046190699028702 -0.009863542873106607 -0.0003026438625717237 -0.010802096362667577 -0.00116670021617711 0.03988740068526711 0.03764539496658262 -0.006411232262676687 0.027220673146798748 0.04450696383774277 -0.02329968246011669 0.028594517564566012; -0.0010420124284909126 0.054955833230017966 0.0009992708867825912 0.01305611218700879 -0.015703671670913147 -0.0031007388050745136 -0.017850692068200082 -0.000733671540093168 0.03764539496658262 0.03864987317839306 -0.01414380144051158 0.013282980054110645 0.04866853440918103 -0.018983396965080467 0.03573331044095728; 0.001876106098130396 -0.06266322771823153 0.0017090020740294634 -0.008598503751765085 0.018169665272822606 0.007349631243428833 0.02159150389922285 -0.0007654561218666042 -0.006411232262676687 -0.01414380144051158 0.022019548291723614 0.02780404633175305 -0.02443486878165251 -0.004052717797505328 -0.027278982688742674; 0.002540722011153521 -0.06363473793895301 0.004366853513652267 -0.0029223485337283588 0.0186948740536353 0.010986954922588646 0.023069267966250317 -0.0022572651789284394 0.027220673146798748 0.013282980054110645 0.02780404633175305 0.06791206092559322 0.003878729792838315 -0.027855692158987155 -0.015262242984865245; -0.0019000310312106688 0.08593747530563431 0.00044230641580550727 0.017943164787820542 -0.024660375888887483 -0.006348887489767441 -0.02840075763159426 -0.0005171925043456165 0.04450696383774277 0.04866853440918103 -0.02443486878165251 0.003878729792838315 0.0638897753086857 -0.01957794085964397 0.05058192216891192; -0.00046436079670709134 0.0007961809043453307 -0.0018456615870960124 -0.003917629152160946 -0.0003996513448475364 -0.00253564043241563 -0.0010666269240292544 0.0010355603832723388 -0.02329968246011669 -0.018983396965080467 -0.004052717797505328 -0.027855692158987155 -0.01957794085964397 0.016507184752857645 -0.00827606025352591; -0.002223775269794815 0.086688681506062 -0.0008254956616495426 0.0152924430562339 -0.024993623288719072 -0.008107145257926272 -0.029201408755979145 0.00019350537796637455 0.028594517564566012 0.03573331044095728 -0.027278982688742674 -0.015262242984865245 0.05058192216891192 -0.00827606025352591 0.04501229582185829]
[0.008534709765386367 -0.008648478480573717 -0.00042551391178792026 0.0036955260668814116 -0.003860906800914142 0.004868056268206446 0.0020359712757945406 -0.0003546700268586446 0.010862061337523073 0.016400264678449905 -0.007000838452992817 0.0020602872236234948 0.019034674114359818 -0.022017264269513302 -0.0192653427547485; -0.008648478480573717 0.030780013883735795 -0.0018417267569283227 -0.014539284735233858 0.0006924726588610724 -0.009388814689800845 -0.013059221333911858 -0.0008975152796073919 -0.050678592853991594 -0.060102561610899836 -0.0013870952372151972 -0.04366615412072838 -0.06144029973047154 -0.007781448120296152 0.025316085340251267; -0.00042551391178792026 -0.0018417267569283227 0.0002558657245016198 0.0009301545721616907 0.0005249087172910943 0.00021730852731057974 0.0010337089008599879 0.00014744389146181404 0.003554081408475454 0.0036715009243519377 0.0012246275098008917 0.004189750493774638 0.0034026663939271287 0.004204370030173066 0.0003623558089498998; 0.0036955260668814116 -0.014539284735233858 0.0009301545721616907 0.006892668993893517 -9.306427903920467e-5 0.004292563633930526 0.006272932501691516 0.00046268850493502256 0.024154195794712802 0.028421218016552972 0.0011269722079097634 0.021277862497938765 0.02890894468605486 0.005220645353790271 -0.011182632978966505; -0.003860906800914142 0.0006924726588610724 0.0005249087172910943 -9.306427903920467e-5 0.002217499712423604 -0.0015505215700272528 0.0006871664257239029 0.00034426949305326127 0.0008882880354034409 -0.001059567604227238 0.004407411506838035 0.005148860422194201 -0.002446089513088752 0.014361122947132675 0.00786782990435577; 0.004868056268206446 -0.009388814689800845 0.00021730852731057974 0.004292563633930526 -0.0015505215700272528 0.0036784807242203825 0.003386785744874848 5.208863686600983e-5 0.0142246982671451 0.018155095412384664 -0.002276641271183157 0.009590202535039798 0.019388178092105864 -0.0064679223897615165 -0.012161264106802027; 0.0020359712757945406 -0.013059221333911858 0.0010337089008599879 0.006272932501691516 0.0006871664257239029 0.003386785744874848 0.005977739217652502 0.0005431634273677411 0.02240538553504499 0.02563042451015019 0.0025659361575264316 0.0212579971667019 0.025593700507954602 0.009777420543157774 -0.007489588971824612; -0.0003546700268586446 -0.0008975152796073919 0.00014744389146181404 0.00046268850493502256 0.00034426949305326127 5.208863686600983e-5 0.0005431634273677411 8.649621826525956e-5 0.0018134835192730656 0.0018009615078196785 0.0007751251550333878 0.0022881036750869864 0.0016154533610319207 0.0026329250739501346 0.00046981718603940744; 0.010862061337523073 -0.050678592853991594 0.003554081408475454 0.024154195794712802 0.0008882880354034409 0.0142246982671451 0.02240538553504499 0.0018134835192730656 0.08530976154620849 0.09922704121849502 0.00637271351798622 0.07754348562795972 0.10018004472970718 0.026202839063558147 -0.03495911919703259; 0.016400264678449905 -0.060102561610899836 0.0036715009243519377 0.028421218016552972 -0.001059567604227238 0.018155095412384664 0.02563042451015019 0.0018009615078196785 0.09922704121849502 0.11739808823958849 0.0032983074557793347 0.08607938693813998 0.1198299806572029 0.017125987175582988 -0.04846364221749734; -0.007000838452992817 -0.0013870952372151972 0.0012246275098008917 0.0011269722079097634 0.004407411506838035 -0.002276641271183157 0.0025659361575264316 0.0007751251550333878 0.00637271351798622 0.0032983074557793347 0.009009846517909436 0.014327117801733853 0.0006243173122219375 0.02965261995701683 0.013570965389953967; 0.0020602872236234948 -0.04366615412072838 0.004189750493774638 0.021277862497938765 0.005148860422194201 0.009590202535039798 0.0212579971667019 0.0022881036750869864 0.07754348562795972 0.08607938693813998 0.014327117801733853 0.0790195274777808 0.08420020980661681 0.051515121279561746 -0.015592703432769597; 0.019034674114359818 -0.06144029973047154 0.0034026663939271287 0.02890894468605486 -0.002446089513088752 0.019388178092105864 0.025593700507954602 0.0016154533610319207 0.10018004472970718 0.1198299806572029 0.0006243173122219375 0.08420020980661681 0.12315559797036532 0.008509604369381687 -0.054059795232321885; -0.022017264269513302 -0.007781448120296152 0.004204370030173066 0.005220645353790271 0.014361122947132675 -0.0064679223897615165 0.009777420543157774 0.0026329250739501346 0.026202839063558147 0.017125987175582988 0.02965261995701683 0.051515121279561746 0.008509604369381687 0.09792920971121623 0.04178017034791347; -0.0192653427547485 0.025316085340251267 0.0003623558089498998 -0.011182632978966505 0.00786782990435577 -0.012161264106802027 -0.007489588971824612 0.00046981718603940744 -0.03495911919703259 -0.04846364221749734 0.013570965389953967 -0.015592703432769597 -0.054059795232321885 0.04178017034791347 0.045012295821860226]
[2.146848137545754e-12 -3.183845668520423e-13 -3.1794292062727067e-13 -2.3323991509621487e-13 9.672831083096687e-13; -3.183845668520423e-13 1.1964174054604799e-11 -6.285339053274654e-13 -3.2909368456046453e-13 -2.003091049993194e-12; -3.1794292062727067e-13 -6.285339053274654e-13 1.7380982060507933e-12 3.754427605624977e-13 5.038576117165292e-13; -2.3323991509621487e-13 -3.2909368456046453e-13 3.754427605624977e-13 2.0842931729119457e-11 -5.34423496324653e-12; 9.672831083096687e-13 -2.003091049993194e-12 5.038576117165292e-13 -5.34423496324653e-12 1.0361312315765793e-11]
[0.0003168566555905251 0.0008933504271434672 -0.0001761979600930905 -0.0002384496887233307 -0.00044612548926905194 0.0002507230260121364 -0.0006072403515509465 -6.452981677037542e-5 -0.001376778211788164 -0.0017454812598856966 -0.001131728542539219 -0.0015161165570969169 -0.0011245459751461947 -0.001963755997575876 -0.0005791245659777677; 0.0008933504271434672 0.002518726310230675 -0.0004967751787065745 -0.0006722887003430112 -0.0012578130993566338 0.0007068920612251126 -0.0017120628124716183 -0.00018193634128126657 -0.0038817097016370992 -0.004921236564125214 -0.003190812599276241 -0.004274562302942217 -0.0031705621306050403 -0.005536643715150766 -0.00163279258967868; -0.0001761979600930905 -0.0004967751787065745 9.79803718065757e-5 0.00013259735262841237 0.0002480819294510554 -0.00013942236531114567 0.0003376748270851947 3.588380331967105e-5 0.0007656002166645734 0.0009706290167820097 0.0006293327997447595 0.0008430836400148162 0.0006253386795138566 0.001092007435336377 0.0003220401913077513; -0.0002384496887233307 -0.0006722887003430112 0.00013259735262841237 0.00017944495170050666 0.00033573060709007197 -0.00018868101021428537 0.00045697725439918603 4.856175328859552e-5 0.0010360910672627109 0.001313557679232372 0.0008516795472332405 0.0011409498013513918 0.0008462743325378668 0.0014778198022868797 0.0004358187905760835; -0.00044612548926905194 -0.0012578130993566338 0.0002480819294510554 0.00033573060709007197 0.0006281326598492067 -0.00035301116535784365 0.0008549778734149595 9.08562197565e-5 0.0019384662875591792 0.0024575901251176293 0.0015934429408183885 0.002134650889304718 0.001583330137228994 0.002764914922600461 0.0008153916029967253; 0.0002507230260121364 0.0007068920612251126 -0.00013942236531114567 -0.00018868101021428537 -0.00035301116535784365 0.00019839296298005231 -0.00048049846030873513 -5.1061303053789885e-5 -0.0010894199539449396 -0.0013811683007175543 -0.000895516879121413 -0.0011996759784302041 -0.0008898332260975934 -0.0015538852131917068 -0.0004582510260087146; -0.0006072403515509465 -0.0017120628124716183 0.0003376748270851947 0.00045697725439918603 0.0008549778734149595 -0.00048049846030873513 0.001163746683634661 0.00012366825731446518 0.0026385286505015196 0.0033451301300693654 0.002168902784968916 0.0029055638194909585 0.002155137785700806 0.0037634430430078273 0.0011098641029851732; -6.452981677037542e-5 -0.00018193634128126657 3.588380331967105e-5 4.856175328859552e-5 9.08562197565e-5 -5.1061303053789885e-5 0.00012366825731446518 1.3141899080082699e-5 0.0002803894076523491 0.0003554780690827215 0.00023048352750300037 0.0003087665253753093 0.00022902075347467317 0.0003999310680177225 0.00011794230293672364; -0.001376778211788164 -0.0038817097016370992 0.0007656002166645734 0.0010360910672627109 0.0019384662875591792 -0.0010894199539449396 0.0026385286505015196 0.0002803894076523491 0.005982259035380199 0.00758431572288485 0.004917489538166663 0.00658770000219627 0.00488628089370581 0.008532743919926429 0.002516362339915304; -0.0017454812598856966 -0.004921236564125214 0.0009706290167820097 0.001313557679232372 0.0024575901251176293 -0.0013811683007175543 0.0033451301300693654 0.0003554780690827215 0.00758431572288485 0.00961540555834669 0.006234399966406019 0.008351894684850533 0.0061948333800471945 0.010817824149297134 0.0031902475714369696; -0.001131728542539219 -0.003190812599276241 0.0006293327997447595 0.0008516795472332405 0.0015934429408183885 -0.000895516879121413 0.002168902784968916 0.00023048352750300037 0.004917489538166663 0.006234399966406019 0.004042236841428002 0.005415169507182535 0.004016582422394973 0.007014019862325403 0.0020684806238953414; -0.0015161165570969169 -0.004274562302942217 0.0008430836400148162 0.0011409498013513918 0.002134650889304718 -0.0011996759784302041 0.0029055638194909585 0.0003087665253753093 0.00658770000219627 0.008351894684850533 0.005415169507182535 0.007254415369895304 0.005380802274067434 0.009396309610834291 0.002771033550557708; -0.0011245459751461947 -0.0031705621306050403 0.0006253386795138566 0.0008462743325378668 0.001583330137228994 -0.0008898332260975934 0.002155137785700806 0.00022902075347467317 0.00488628089370581 0.0061948333800471945 0.004016582422394973 0.005380802274067434 0.003991091235065699 0.006969505137478102 0.0020553529529610246; -0.001963755997575876 -0.005536643715150766 0.001092007435336377 0.0014778198022868797 0.002764914922600461 -0.0015538852131917068 0.0037634430430078273 0.0003999310680177225 0.008532743919926429 0.010817824149297134 0.007014019862325403 0.009396309610834291 0.006969505137478102 0.012170607268940764 0.0035891921565843797; -0.0005791245659777677 -0.00163279258967868 0.0003220401913077513 0.0004358187905760835 0.0008153916029967253 -0.0004582510260087146 0.0011098641029851732 0.00011794230293672364 0.002516362339915304 0.0031902475714369696 0.0020684806238953414 0.002771033550557708 0.0020553529529610246 0.0035891921565843797 0.0010584764235964767]
[0.00022729517413844325 0.0016269421966658276 9.9552157663956e-5 -0.0002798867282799934 -0.00028657417182140584 -0.0007156075940355387 -0.0006179445313702033 -5.114709420112589e-5 -0.000702125033364325 -0.0009194578428308653 0.00011066364433124883 -0.000789471414884379 -0.0004712731872210247 -0.0016871523732290266 -0.00020858358099607924; 0.0016269421966658276 0.01676950419429844 0.0013651088369738933 -0.0023771882747268642 -0.003951409452747433 -0.009721853073741703 -0.006814923136641145 -0.0005285289516563834 -0.01915414620130761 -0.019470370030282142 0.005312819925629062 -0.018468124505459097 -0.011799978757774731 -0.013350005567242106 -0.0034593926405443987; 9.9552157663956e-5 0.0013651088369738933 0.00012669903820299386 -0.00017018863569011748 -0.0003674912174928993 -0.0008991688705167544 -0.0005752320065332125 -4.308591338660745e-5 -0.0021067091879585576 -0.0020440653019392243 0.0006241589292685926 -0.001977986649556118 -0.0012795073807900439 -0.0009011413368465508 -0.000341766142252227; -0.0002798867282799934 -0.0023771882747268642 -0.00017018863569011748 0.0003719161695983063 0.0004914981611520915 0.001216729300586317 0.0009354045942975374 7.483050579349057e-5 0.0018952528877649887 0.0020724573094040794 -0.0004660545485476229 0.0019071550618113171 0.0011950427072008978 0.00217043787828419 0.00040029342625589394; -0.00028657417182140584 -0.003951409452747433 -0.0003674912174928993 0.0004914981611520915 0.0010659423711932754 0.002607911683249763 0.0016660396766469715 0.0001247183426725189 0.006124445364894757 0.005938852914539125 -0.001815923562627487 0.005748331693646249 0.0037190198530556605 0.002599464596446572 0.0009921704773724318; -0.0007156075940355387 -0.009721853073741703 -0.0008991688705167544 0.001216729300586317 0.002607911683249763 0.0063818570517310165 0.004092485508001263 0.0003068311956343713 0.014892915012121435 0.014464604228387086 -0.004406412428496134 0.01399088754690247 0.009047930843225886 0.006455047650169112 0.0024218179106346425; -0.0006179445313702033 -0.006814923136641145 -0.0005752320065332125 0.0009354045942975374 0.0016660396766469715 0.004092485508001263 0.0027964040188910196 0.00021486846857670153 0.008503575671380895 0.008515918126793138 -0.0024109844430345445 0.008129000650218437 0.0052145553396059155 0.0051813355147426856 0.0014849204877774695; -5.114709420112589e-5 -0.0005285289516563834 -4.308591338660745e-5 7.483050579349057e-5 0.0001247183426725189 0.0003068311956343713 0.00021486846857670153 1.665803409356928e-5 0.0006058451604411255 0.0006154631551463102 -0.0001682013708483341 0.0005839362618416964 0.0003731607180524371 0.00042002384012374515 0.00010926781230048486; -0.000702125033364325 -0.01915414620130761 -0.0021067091879585576 0.0018952528877649887 0.006124445364894757 0.014892915012121435 0.008503575671380895 0.0006058451604411255 0.04112452756319187 0.038378518896120546 -0.012806554739202855 0.03777894968527221 0.024690231288905816 0.008723430101289207 0.0060661345446127776; -0.0009194578428308653 -0.019470370030282142 -0.0020440653019392243 0.0020724573094040794 0.005938852914539125 0.014464604228387086 0.008515918126793138 0.0006154631551463102 0.038378518896120546 0.03614010331937015 -0.01181890887019801 0.035433617453170765 0.023102620603726726 0.01002856940461792 0.005789950819702154; 0.00011066364433124883 0.005312819925629062 0.0006241589292685926 -0.0004660545485476229 -0.001815923562627487 -0.004406412428496134 -0.0024109844430345445 -0.0001682013708483341 -0.012806554739202855 -0.01181890887019801 0.004042236841427949 -0.011692256358246264 -0.007663821279530885 -0.0019450856372147905 -0.0018363807973332913; -0.000789471414884379 -0.018468124505459097 -0.001977986649556118 0.0019071550618113171 0.005748331693646249 0.01399088754690247 0.008129000650218437 0.0005839362618416964 0.03777894968527221 0.035433617453170765 -0.011692256358246264 0.03480247554537482 0.022714992194813065 0.009045861824531624 0.0056431028746404465; -0.0004712731872210247 -0.011799978757774731 -0.0012795073807900439 0.0011950427072008978 0.0037190198530556605 0.009047930843225886 0.0052145553396059155 0.0003731607180524371 0.024690231288905816 0.023102620603726726 -0.007663821279530885 0.022714992194813065 0.014834941264527123 0.005592657061605533 0.003666226507417436; -0.0016871523732290266 -0.013350005567242106 -0.0009011413368465508 0.00217043787828419 0.002599464596446572 0.006455047650169112 0.0051813355147426856 0.00042002384012374515 0.008723430101289207 0.01002856940461792 -0.0019450856372147905 0.009045861824531624 0.005592657061605533 0.012839863713342236 0.0020370221111688093; -0.00020858358099607924 -0.0034593926405443987 -0.000341766142252227 0.00040029342625589394 0.0009921704773724318 0.0024218179106346425 0.0014849204877774695 0.00010926781230048486 0.0060661345446127776 0.005789950819702154 -0.0018363807973332913 0.0056431028746404465 0.003666226507417436 0.0020370221111688093 0.0009460152189654933]
[2.135911053718534e-12 -2.9318880415630187e-13 -3.1483772222496596e-13 -1.7774222290092346e-13 9.002936771502145e-13; -2.9318880415630187e-13 1.1860325647490099e-11 -6.388042698663678e-13 -5.014932558354547e-13 -1.85406435393276e-12; -3.1483772222496596e-13 -6.388042698663678e-13 1.7310665869285287e-12 3.7797334965397614e-13 5.139128860324643e-13; -1.7774222290092346e-13 -5.014932558354547e-13 3.7797334965397614e-13 2.065536392586776e-11 -4.886243459157817e-12; 9.002936771502145e-13 -1.85406435393276e-12 5.139128860324643e-13 -4.886243459157817e-12 9.767718669457817e-12]
[0.06355002892005537 -0.0970545538630131 -0.010860471903201822 -0.024119967702849892 -0.0033728092818428312 0.04388888877477016 0.018806068160075358 -0.007092091833488739 -0.0026782915019156845 0.010005768152650356 -0.053049812123938805 -0.0413135983936559 0.0046413599905695425 -0.27930235483765775 -0.13891854035662723; -0.0970545538630131 0.27121956797230534 0.033061400724111345 0.03503292774590486 0.003823939529770157 -0.10049242722301192 -0.06946184679446248 0.005225478422438044 0.05479468538643666 0.043182485448544514 0.0823080081848261 0.17618636492319567 0.04757727353023558 0.3429888510624308 0.2793885200009931; -0.010860471903201822 0.033061400724111345 0.005234079342500609 0.004511197075957545 0.0019151310739688203 -0.013326301240549896 -0.007987396004409652 0.0005311793444591181 0.016341196774660255 0.01566911964504124 0.013326017085480464 0.03381570303535702 0.014299725180479075 0.040548097341682805 0.03247943373800941; -0.024119967702849892 0.03503292774590486 0.004511197075957545 0.01869736633378777 -0.0038578933667417475 -0.014739375781697777 -0.0035701105738466673 0.003606282916494592 0.03160487343682545 0.03276670640314122 0.019401722140304774 0.010813733915107558 0.03307096509721626 0.1251450888335317 0.05850638804537785; -0.0033728092818428312 0.003823939529770157 0.0019151310739688203 -0.0038578933667417475 0.009774688746153845 -5.892517486039251e-5 -0.0017585686476774545 -0.000350332695442357 0.006582223052228986 0.0019022375306065214 0.0030784536679887035 0.053596712941746685 -0.003553554827702364 0.007192921960860414 0.005676157196526603; 0.04388888877477016 -0.10049242722301192 -0.013326301240549896 -0.014739375781697777 -5.892517486039251e-5 0.04829734278118688 0.02336862511579005 -0.003755087973548209 -0.003050345575187039 0.003484548493338874 -0.05172010000188613 -0.03226030683595406 -0.0027873473058452882 -0.1757580595244379 -0.10706245253267138; 0.018806068160075358 -0.06946184679446248 -0.007987396004409652 -0.0035701105738466673 -0.0017585686476774545 0.02336862511579005 0.020238018319565683 6.210504196924332e-5 -0.006088780584427261 -0.0029075045163660792 -0.013841418111935911 -0.04889171803332106 -0.004088030035272651 -0.047801264463614844 -0.0619811379699573; -0.007092091833488739 0.005225478422438044 0.0005311793444591181 0.003606282916494592 -0.000350332695442357 -0.003755087973548209 6.210504196924332e-5 0.001154816602758276 -0.0003809059126263265 -0.0015481375218163447 0.0065220149677878885 -0.0037090341891324098 -0.0005657397508398492 0.036917601423034054 0.01264696751520523; -0.0026782915019156845 0.05479468538643666 0.016341196774660255 0.03160487343682545 0.006582223052228986 -0.003050345575187039 -0.006088780584427261 -0.0003809059126263265 0.20915118917819556 0.2298284540686131 0.0030593063313873077 0.21597789844771478 0.198901345903379 0.04226988808308331 0.0643115974628137; 0.010005768152650356 0.043182485448544514 0.01566911964504124 0.03276670640314122 0.0019022375306065214 0.003484548493338874 -0.0029075045163660792 -0.0015481375218163447 0.2298284540686131 0.2575611836332067 -0.006396845636291516 0.2073835874262425 0.2248674970447342 -0.0064941969849798735 0.04438586963044853; -0.053049812123938805 0.0823080081848261 0.013326017085480464 0.019401722140304774 0.0030784536679887035 -0.05172010000188613 -0.013841418111935911 0.0065220149677878885 0.0030593063313873077 -0.006396845636291516 0.07230402579444645 0.02089510781566821 -0.00044317494871144465 0.24769684308844858 0.10636524782880295; -0.0413135983936559 0.17618636492319567 0.03381570303535702 0.010813733915107558 0.053596712941746685 -0.03226030683595406 -0.04889171803332106 -0.0037090341891324098 0.21597789844771478 0.2073835874262425 0.02089510781566821 0.5206879529972429 0.15672045720413044 0.09899165695301222 0.17501251494602124; 0.0046413599905695425 0.04757727353023558 0.014299725180479075 0.03307096509721626 -0.003553554827702364 -0.0027873473058452882 -0.004088030035272651 -0.0005657397508398492 0.198901345903379 0.2248674970447342 -0.00044317494871144465 0.15672045720413044 0.1998518701952849 0.015892338124578204 0.049640093697231234; -0.27930235483765775 0.3429888510624308 0.040548097341682805 0.1251450888335317 0.007192921960860414 -0.1757580595244379 -0.047801264463614844 0.036917601423034054 0.04226988808308331 -0.0064941969849798735 0.24769684308844858 0.09899165695301222 0.015892338124578204 1.3283065730736443 0.5722171900799626; -0.13891854035662723 0.2793885200009931 0.03247943373800941 0.05850638804537785 0.005676157196526603 -0.10706245253267138 -0.0619811379699573 0.01264696751520523 0.0643115974628137 0.04438586963044853 0.10636524782880295 0.17501251494602124 0.049640093697231234 0.5722171900799626 0.3497058874561952]
[0.05284657200097632 0.08375436740800803 -0.0030020967647339082 0.027848810406235682 -0.036355158092233913 0.05193448412325957 -0.07642110538055476 -0.03320075243160296 -0.015124579800996218 -0.0021640290568954094 -0.0619507087929101 -0.011773297739299467 -0.03746251912122188 -0.16389444063067377 -0.03881479019527783; 0.08375436740800803 0.43468776721591423 -0.03109198470403773 -0.019579233951646038 -0.12100793952169375 -0.00342695341649728 -0.2693042950020775 0.009711950198036607 -0.005742346840237737 0.02093319241965286 -0.1972625063788824 -0.007648997771136005 -0.06848792673131271 -0.6186120618493085 -0.15014846604324938; -0.0030020967647339082 -0.03109198470403773 0.0028689770064820944 0.008012606766822722 0.006409357658277041 0.0027303694481995433 0.018209124887713764 -0.003852229863437445 -0.005880767610882994 -0.0012387132403782596 0.013098901249438173 -0.0020910693338784514 0.0016360316575408371 0.042706494923696665 0.010927433331779427; 0.027848810406235682 -0.019579233951646038 0.008012606766822722 0.14443290213553645 -0.0397930023790246 0.028773899245610003 0.005499856409444148 -0.03280879851390506 -0.035082994118017685 0.11444684373598389 -0.01136506308556156 0.04157859620335859 -0.0021516668496028664 0.014218281227408893 0.02056725726346966; -0.036355158092233913 -0.12100793952169375 0.006409357658277041 -0.0397930023790246 0.048263247380910236 -0.012832271215542592 0.07943618041239 0.010389487990422403 0.013442871764559083 -0.03887964811462911 0.0632961060417154 -0.008813575795992934 0.023130287415813317 0.1808003861399414 0.038779996022699596; 0.05193448412325957 -0.00342695341649728 0.0027303694481995433 0.028773899245610003 -0.012832271215542592 0.08344214055704079 -0.0371556517204777 -0.048958437420147306 0.0035101495496014075 -0.010408883261148196 -0.0371102544275394 -0.005412290259649754 -0.02795338297074387 -0.06848554991101061 -0.017193427043467057; -0.07642110538055476 -0.2693042950020775 0.018209124887713764 0.005499856409444148 0.07943618041239 -0.0371556517204777 0.18578778665910578 0.016769550707337353 0.00271378102636008 0.0004542024787375189 0.1398166859671189 0.011910829525863387 0.05751849806349963 0.41830526869578644 0.1027773141952374; -0.03320075243160296 0.009711950198036607 -0.003852229863437445 -0.03280879851390506 0.010389487990422403 -0.048958437420147306 0.016769550707337353 0.03396252423074593 0.017469256298567815 0.007124366944183154 0.017656750481830148 0.011813161979862426 0.022953748821681625 0.02735259011679416 0.005485536510245133; -0.015124579800996218 -0.005742346840237737 -0.005880767610882994 -0.035082994118017685 0.013442871764559083 0.0035101495496014075 0.00271378102636008 0.017469256298567815 0.08217693201818038 0.0348499029301694 -0.0036916301249012885 0.052766211455879924 0.037434726133376256 -0.00023759993863602084 -0.002320335568105363; -0.0021640290568954094 0.02093319241965286 -0.0012387132403782596 0.11444684373598389 -0.03887964811462911 -0.010408883261148196 0.0004542024787375189 0.007124366944183154 0.0348499029301694 0.17228920805505613 -0.0171984440320039 0.09975886068082106 0.04105502537928743 -0.012626366765055038 0.014751536968695501; -0.0619507087929101 -0.1972625063788824 0.013098901249438173 -0.01136506308556156 0.0632961060417154 -0.0371102544275394 0.1398166859671189 0.017656750481830148 -0.0036916301249012885 -0.0171984440320039 0.10841064346766295 -0.002172762850542677 0.040479036279624146 0.3143346723559951 0.07542690822969508; -0.011773297739299467 -0.007648997771136005 -0.0020910693338784514 0.04157859620335859 -0.008813575795992934 -0.005412290259649754 0.011910829525863387 0.011813161979862426 0.052766211455879924 0.09975886068082106 -0.002172762850542677 0.07249354679577794 0.03953571060286819 0.017424715788689427 0.012084870481622975; -0.03746251912122188 -0.06848792673131271 0.0016360316575408371 -0.0021516668496028664 0.023130287415813317 -0.02795338297074387 0.05751849806349963 0.022953748821681625 0.037434726133376256 0.04105502537928743 0.040479036279624146 0.03953571060286819 0.04175872142388451 0.12171892160931477 0.03167358055883937; -0.16389444063067377 -0.6186120618493085 0.042706494923696665 0.014218281227408893 0.1808003861399414 -0.06848554991101061 0.41830526869578644 0.02735259011679416 -0.00023759993863602084 -0.012626366765055038 0.3143346723559951 0.017424715788689427 0.12171892160931477 0.9459408052323305 0.23151447912477682; -0.03881479019527783 -0.15014846604324938 0.010927433331779427 0.02056725726346966 0.038779996022699596 -0.017193427043467057 0.1027773141952374 0.005485536510245133 -0.002320335568105363 0.014751536968695501 0.07542690822969508 0.012084870481622975 0.03167358055883937 0.23151447912477682 0.058989322267377894]
[2.163427429526939e-12 -3.240376385954797e-13 -3.1946219204353386e-13 -2.5599127997931016e-13 9.830645307128908e-13; -3.240376385954797e-13 1.2910118580092497e-11 -7.948928239219422e-13 -4.196395124902129e-13 -2.1822994378108864e-12; -3.1946219204353386e-13 -7.948928239219422e-13 1.9343653547959234e-12 4.034312710840906e-13 5.899720165301767e-13; -2.5599127997931016e-13 -4.196395124902129e-13 4.034312710840906e-13 2.1960919953982452e-11 -5.822478877237171e-12; 9.830645307128908e-13 -2.1822994378108864e-12 5.899720165301767e-13 -5.822478877237171e-12 1.0638004201350844e-11]
