[0.1344717142406307 0.03162921699859215 -0.08957099932702794; 0.03162921699859215 0.591119576689336 -0.017803783963856692; -0.08957099932702794 -0.017803783963856692 0.41248342980692804]
[0.13161352000226964 0.03415257559670938 -0.05970366660342094; 0.03415257559670938 0.698543761685184 -0.00981695121905014; -0.05970366660342094 -0.00981695121905014 0.3248805499663845]
[0.014057157967209412 0.004393700426510032 -0.009313147573098072; 0.004393700426510032 0.07271984557443928 -0.0038712654790307734; -0.009313147573098072 -0.0038712654790307734 0.03777545921729933]
[0.132623237293235 0.026376533704337443 -0.07472204598919104; 0.026376533704337443 0.6499583371929697 -0.05027807977227513; -0.07472204598919104 -0.05027807977227513 0.3666518682121949]
[0.13312833164666665 0.03918194429269086 -0.07252061511659728; 0.03918194429269086 0.6393163591501392 0.022658650117454077; -0.07252061511659728 0.022658650117454077 0.3663910561447958]
[0.014003986364956807 0.004168543761440443 -0.00883478449724768; 0.004168543761440443 0.07287799284672057 -0.001169411045243857; -0.00883478449724768 -0.001169411045243857 0.03572838896502752]
[34.114731962811504 -2.2583085854123834 2.8537085522139565; -2.2583085854123834 4.726560751813575 -2.5435628255223555; 2.8537085522139565 -2.5435628255223555 13.205895828070831]
[6.830265856925868e-5 -0.002595346325857113 0.003931168040838716 -0.0009759184096341754 0.002463666408750172 -0.0008695793565110646; -0.002595346325857113 0.09861745453682345 -0.14937574160850173 0.03708275378682522 -0.09361390708308621 0.033042102387064745; 0.003931168040838716 -0.14937574160850173 0.22625925916163525 -0.05616920324398362 0.1417968742231163 -0.050048833405163286; -0.0009759184096341754 0.03708275378682522 -0.05616920324398362 0.013944089676641118 -0.03520128853227948 0.0124246985958398; 0.002463666408750172 -0.09361390708308621 0.1417968742231163 -0.03520128853227948 0.08886422449423068 -0.031365647489260136; -0.0008695793565110646 0.033042102387064745 -0.050048833405163286 0.0124246985958398 -0.031365647489260136 0.011070865258580457]
[0.001698278098284718 0.0027217786512029473 -0.004187484914923672 0.001070321868033575 -0.0021739904734295133 -0.004336058881814537; 0.0027217786512029473 0.00436211246059922 -0.006711155640260625 0.00171537248673329 -0.0034841886224621014 -0.006949270260335164; -0.004187484914923672 -0.006711155640260625 0.010325183387293489 -0.00263911851173116 0.005360460673444843 0.010691525039990945; 0.001070321868033575 0.00171537248673329 -0.00263911851173116 0.000674559142902241 -0.0013701346743440691 -0.0027327556216661516; -0.0021739904734295133 -0.0034841886224621014 0.005360460673444843 -0.0013701346743440691 0.0027829569853863993 0.005550652329694984; -0.004336058881814537 -0.006949270260335164 0.010691525039990945 -0.0027327556216661516 0.005550652329694984 0.011070865258580472]
[9.879095621665932e-12 2.173674831276254e-12 9.33657304565709e-13; 2.173674831276254e-12 8.708929595547536e-12 -1.5380717847822255e-11; 9.33657304565709e-13 -1.5380717847822255e-11 4.910812253855976e-11]
[5.9706514191922304e-5 0.005185881823955986 -0.00656707664099945 0.0018912894808500883 -0.0014212561118569361 -0.004102730341032149; 0.005185881823955986 0.4504269414938279 -0.5703925310257875 0.16427056519808242 -0.1234451650268195 -0.35634831964584646; -0.00656707664099945 -0.5703925310257875 0.72230945706107 -0.20802197829822378 0.15632324273728493 0.4512572433677626; 0.0018912894808500883 0.16427056519808242 -0.20802197829822378 0.059909423953356834 -0.04502041323580055 -0.12996012115799796; -0.0014212561118569361 -0.1234451650268195 0.15632324273728493 -0.04502041323580055 0.03383169918378501 0.09766173621110412; -0.004102730341032149 -0.35634831964584646 0.4512572433677626 -0.12996012115799796 0.09766173621110412 0.28191947075513807]
[0.08467602073481834 -0.015149133398257388 -0.013947692234609989 0.008639070548214696 -0.058184471986455384 -0.17391477152675658; -0.015149133398257388 0.13879120653834082 -0.2743574771512991 0.06230139037714336 -0.2574068472819489 0.21588685988705872; -0.013947692234609989 -0.2743574771512991 0.5655467344105005 -0.13131790515143346 0.5544491215138143 -0.34726709084910523; 0.008639070548214696 0.06230139037714336 -0.13131790515143346 0.030837378246251254 -0.13159144757027944 0.06894853444366227; -0.058184471986455384 -0.2574068472819489 0.5544491215138143 -0.13159144757027944 0.5670619148901186 -0.2441401754465329; -0.17391477152675658 0.21588685988705872 -0.34726709084910523 0.06894853444366227 -0.2441401754465329 0.6080868711127861]
[9.974227545565767e-12 2.1622885655735298e-12 1.0931182949834985e-12; 2.1622885655735298e-12 9.572131923125881e-12 -1.6375047699930704e-11; 1.0931182949834985e-12 -1.6375047699930704e-11 5.082180359880889e-11]
[0.1172502242319433 -0.0025850964888280347 0.013057719164985555; -0.0025850964888280347 0.08083790590999154 0.02129761255187386; 0.013057719164985555 0.02129761255187386 0.024493649188586434]
[0.12749330160488578 0.0023178668018002608 0.03633493235732148; 0.0023178668018002608 0.154587207714092 0.05469488954123071; 0.03633493235732148 0.05469488954123071 0.0462777839097509]
[0.01985664286377656 0.0009707374236851659 0.0047597614478101; 0.0009707374236851659 0.019315102153317863 0.006786071785637961; 0.0047597614478101 0.006786071785637961 0.005236919141440001]
[0.12222526731000816 -0.01692515738821259 0.0225020206686858; -0.01692515738821259 0.12358827457396351 0.02910672740300334; 0.0225020206686858 0.02910672740300334 0.029123281949812778]
[0.11855100057228962 0.007570391864965718 0.024124075747580343; 0.007570391864965718 0.09622059755047263 0.0355313835882714; 0.024124075747580343 0.0355313835882714 0.03487966155589952]
[0.019026459577417127 -0.00028782803815229297 0.004210896117396362; -0.00028782803815229297 0.021450161541653124 0.0072864049831120265; 0.004210896117396362 0.0072864049831120265 0.005282373421053493]
[13.160161265655605 1.5365530195723902 -5.5697370755764775; 1.5365530195723902 0.9770426163536532 -2.9205873483124805; -5.5697370755764775 -2.9205873483124805 10.68596204894648]
[2.2667105050448952e-10 -6.570422950006317e-12 3.1020659509344074e-11 -6.887412210712132e-12 -1.1062548567772342e-12 -3.319750911116571e-11; -6.570422950006317e-12 6.545178812843079e-11 -1.3109024896611593e-10 3.796416411855762e-12 1.8411059056237077e-11 -7.533976665208685e-11; 3.1020659509344074e-11 -1.3109024896611593e-10 5.687577538774121e-10 -3.691088316628063e-12 -6.161325488475335e-11 1.2393899037925335e-10; -6.887412210712132e-12 3.796416411855762e-12 -3.691088316628063e-12 4.284105355840971e-12 8.441995097920022e-14 -2.8531489569201673e-11; -1.1062548567772342e-12 1.8411059056237077e-11 -6.161325488475335e-11 8.441995097920022e-14 4.0825192526276e-11 -8.239309648036585e-11; -3.319750911116571e-11 -7.533976665208685e-11 1.2393899037925335e-10 -2.8531489569201673e-11 -8.239309648036585e-11 4.901087491632941e-10]
[2.6597663304538705e-10 -6.558970161809001e-12 5.7889886947542467e-11 -3.1196420650979362e-12 -1.92775572170702e-11 -9.755971347238507e-11; -6.558970161809001e-12 6.73091965116344e-11 -1.3790640915940244e-10 3.3074666794670127e-12 2.2569765356611152e-11 -7.942048432902429e-11; 5.7889886947542467e-11 -1.3790640915940244e-10 5.8620974355209e-10 -3.92840727643621e-12 -6.847241797791201e-11 1.518218159173279e-10; -3.1196420650979362e-12 3.3074666794670127e-12 -3.92840727643621e-12 2.9423018432516287e-12 8.228732467852332e-13 -2.392263499196126e-11; -1.92775572170702e-11 2.2569765356611152e-11 -6.847241797791201e-11 8.228732467852332e-13 3.377303468035079e-11 -4.630891725222529e-11; -9.755971347238507e-11 -7.942048432902429e-11 1.518218159173279e-10 -2.392263499196126e-11 -4.630891725222529e-11 4.901087491632941e-10]
[1.6792470919428872e-11 -7.51430533889114e-13 2.5171240127715155e-12; -7.51430533889114e-13 5.034219688332292e-12 -9.559281124579897e-12; 2.5171240127715155e-12 -9.559281124579897e-12 4.614392646982345e-11]
[0.0066994847501259756 -0.0019925829834915097 0.011237749571443618 -0.004686192804396972 -0.006663583666073909 0.04092518939401175; -0.0019925829834915097 0.0005926407202251269 -0.00334236896300419 0.0013937830414523108 0.0019819052234113267 -0.01217210593831968; 0.011237749571443618 -0.00334236896300419 0.01885025894450922 -0.007860643696211454 -0.011177529269913637 0.0686481214743908; -0.004686192804396972 0.0013937830414523108 -0.007860643696211454 0.0032779242725350286 0.004661080652489737 -0.02862657969693039; -0.006663583666073909 0.0019819052234113267 -0.011177529269913637 0.004661080652489737 0.006627875181646425 -0.04070588147247272; 0.04092518939401175 -0.01217210593831968 0.0686481214743908 -0.02862657969693039 -0.04070588147247272 0.24999999925576216]
[0.07317039670323612 -0.02302417329315116 0.045875340221893435 -0.021419453823769474 0.13874565599481836 -0.2150596750968081; -0.02302417329315116 0.008894111786364746 -0.01862758613132842 0.008297800291492023 -0.05364646182150144 0.07310580135281416; 0.045875340221893435 -0.01862758613132842 0.03941871012628595 -0.01738924290246303 0.11237797184205095 -0.14864812078541378; -0.021419453823769474 0.008297800291492023 -0.01738924290246303 0.007741743632822113 -0.050050280138673124 0.0680882386143094; 0.13874565599481836 -0.05364646182150144 0.11237797184205095 -0.050050280138673124 0.32357967182379294 -0.44070588144606193; -0.2150596750968081 0.07310580135281416 -0.14864812078541378 0.0680882386143094 -0.44070588144606193 0.6499999991317905]
[1.7733869298513693e-11 -1.1055665239544975e-12 3.467592676714761e-12; -1.1055665239544975e-12 6.9411452097014644e-12 -1.3385996667696087e-11; 3.467592676714761e-12 -1.3385996667696087e-11 5.863900915021963e-11]
[0.00013354680433031485 -0.0007720624527934318 0.001090630167224946; -0.0007720624527934318 0.010483804991568566 -0.0023451733592914164; 0.001090630167224946 -0.0023451733592914164 0.011511558276562991]
[8.077895206777468e-5 -0.000587487700663435 0.0005804404278842194; -0.000587487700663435 0.018626396711087154 0.0052200076397880745; 0.0005804404278842194 0.0052200076397880745 0.010381053272419588]
[0.0032536519024400795 -0.007820810892759914 0.03379984907832023; -0.007820810892759914 0.04702585654267807 -0.06267809826732189; 0.03379984907832023 -0.06267809826732189 0.3633348159585846]
[0.00013696580679351976 -0.001294185997215906 0.0007881171614797336; -0.001294185997215906 0.020376762293857854 -0.002087379725905177; 0.0007881171614797336 -0.002087379725905177 0.008060243080203634]
[9.991209053273014e-5 -0.0002716557039731783 0.001017195922897639; -0.0002716557039731783 0.009584218704656092 0.003052652152042815; 0.001017195922897639 0.003052652152042815 0.014183114130052587]
[0.0004550233710539085 -0.012997227359610964 -0.0031027643290673233; -0.012997227359610964 0.3983859160548973 0.1064753284786891; -0.0031027643290673233 0.1064753284786891 0.03289753944949193]
[48.1684659420326 0.7382203377418022 -3.5526331593509997; 0.7382203377418022 0.37665631342016576 -1.930114405064178; -3.5526331593509997 -1.930114405064178 10.009065580035513]
[4.8431036178915145e-11 1.6431018314565162e-12 -1.0857353195526593e-11 -1.5565116668757381e-12 1.316246728265986e-11 -4.4266883167743216e-11; 1.6431018314565162e-12 4.436082015814362e-12 -1.3739166594459182e-11 -3.452035691610599e-13 4.270280624776485e-13 1.7840290164819148e-12; -1.0857353195526593e-11 -1.3739166594459182e-11 6.710512314561956e-11 1.1321531749000889e-12 2.5045684999757097e-12 -2.866881348276491e-11; -1.5565116668757381e-12 -3.452035691610599e-13 1.1321531749000889e-12 1.8526549570665828e-13 -1.4409970822116562e-12 3.183398976879229e-12; 1.316246728265986e-11 4.270280624776485e-13 2.5045684999757097e-12 -1.4409970822116562e-12 2.5907392350879377e-11 -6.932790553735812e-11; -4.4266883167743216e-11 1.7840290164819148e-12 -2.866881348276491e-11 3.183398976879229e-12 -6.932790553735812e-11 2.066935462889846e-10]
[6.378590798988537e-11 1.9117536445432243e-12 -4.960811931321021e-12 -1.7958907469116089e-12 9.831395926495604e-12 -4.737230507519428e-11; 1.9117536445432243e-12 4.24210110242597e-12 -1.2605190764606155e-11 -3.400024293118029e-13 1.6969447438120559e-12 -2.3369788830799876e-12; -4.960811931321021e-12 -1.2605190764606155e-11 5.904260779297116e-11 9.965033903009236e-13 -4.087654736044746e-12 -8.779863339162378e-12; -1.7958907469116089e-12 -3.400024293118029e-13 9.965033903009236e-13 1.976401578265233e-13 -1.6948709136126595e-12 4.007691456568956e-12; 9.831395926495604e-12 1.6969447438120559e-12 -4.087654736044746e-12 -1.6948709136126595e-12 2.9705345110013614e-11 -7.32691478908365e-11; -4.737230507519428e-11 -2.3369788830799876e-12 -8.779863339162378e-12 4.007691456568956e-12 -7.32691478908365e-11 2.066935462889846e-10]
[2.1961459809257137e-12 -2.906025080590123e-14 -1.2802308173186984e-12; -2.906025080590123e-14 3.448645438616486e-13 -9.385922937431805e-13; -1.2802308173186984e-12 -9.385922937431805e-13 4.05806088327009e-12]
[0.002342921995146214 -0.0038253747541960956 0.01407509719462165 0.00026309908015630876 0.008666549676667124 -0.029804363226590906; -0.0038253747541960956 0.006245829905606315 -0.02298092832657305 -0.00042957153591626206 -0.014150194044234704 0.04866267878234467; 0.01407509719462165 -0.02298092832657305 0.08455610782364205 0.001580567006671128 0.05206427330483473 -0.17904962999304944; 0.00026309908015630876 -0.00042957153591626206 0.001580567006671128 2.9544785527193314e-5 0.000973212635431198 -0.0033468893592106318; 0.008666549676667124 -0.014150194044234704 0.05206427330483473 0.000973212635431198 0.03205786817772612 -0.110247374445561; -0.029804363226590906 0.04866267878234467 -0.17904962999304944 -0.0033468893592106318 -0.110247374445561 0.3791419786725623]
[0.058833516641758545 -0.004331789239606269 0.017154882116824963 -0.005722879623441234 0.04443773368286724 -0.11503483447181372; -0.004331789239606269 0.002315643770983246 -0.0031282484690923324 0.0023418896140935913 -0.022481934236400353 0.041735533987864115; 0.017154882116824963 -0.0031282484690923324 0.006744382513002773 -0.003462708384397587 0.03090192121391434 -0.06461663380213169; -0.005722879623441234 0.0023418896140935913 -0.003462708384397587 0.0024039334059462697 -0.022799749804537913 0.04318633877296466; 0.04443773368286724 -0.022481934236400353 0.03090192121391434 -0.022799749804537913 0.2183825867561969 -0.4069337912162319; -0.11503483447181372 0.041735533987864115 -0.06461663380213169 0.04318633877296466 -0.4069337912162319 0.7791419786585322]
[2.5632271771081616e-12 -1.871756190164339e-15 -1.6028487029168645e-12; -1.871756190164339e-15 5.760118225550661e-13 -1.566686025401987e-12; -1.6028487029168645e-12 -1.566686025401987e-12 6.0354165663821745e-12]
[0.0006164040410141824 0.0018218454922812573 -0.005929371487720419; 0.0018218454922812573 0.13243365954732492 0.006328816258615238; -0.005929371487720419 0.006328816258615238 0.061516037651658945]
[0.0008298342035948647 0.0014735283161746964 -0.008166406217978565; 0.0014735283161746964 0.06910387636771553 -0.002017673660579625; -0.008166406217978565 -0.002017673660579625 0.0827106055252255]
[0.0046335532868172595 0.010567512546920186 -0.0451565807629337; 0.010567512546920186 0.15811248150852653 -0.0778297935499954; -0.0451565807629337 -0.0778297935499954 0.44479866594973133]
[0.0007140980755725823 -0.0007219782414010113 -0.007401015325633783; -0.0007219782414010113 0.0947045856226976 0.025127289746125825; -0.007401015325633783 0.025127289746125825 0.08001923475883357]
[0.0008124278705026185 0.0040145399350006595 -0.007512190318696993; 0.0040145399350006595 0.10130524730902445 -0.02182545753081503; -0.007512190318696993 -0.02182545753081503 0.0723349405734776]
[0.00032155878323327695 0.004882392144411046 -0.0023552187922900206; 0.004882392144411046 0.43589474992736543 0.03216018356974356; -0.0023552187922900206 0.03216018356974356 0.03000267577626276]
[60.64430779859038 -0.9581332367241694 5.070295120619907; -0.9581332367241694 0.09987391632999573 -0.7517419674536915; 5.070295120619907 -0.7517419674536915 9.671461824802174]
[3.567041479195604e-10 -1.8965011782944744e-10 4.5865179827560224e-10 -1.6320248517911316e-10 -2.2591660465714817e-10 1.3658371265717476e-9; -1.8965011782944744e-10 4.0755077039304544e-10 -1.0723863553640027e-9 1.9596667376259681e-10 -2.1632217271932223e-10 -5.520317462465604e-10; 4.5865179827560224e-10 -1.0723863553640027e-9 2.932532997775454e-9 -5.072240300110501e-10 6.093194362667396e-10 1.3117492121822014e-9; -1.6320248517911316e-10 1.9596667376259681e-10 -5.072240300110501e-10 1.2349494562496655e-10 -1.7169473995240633e-11 -6.196789735536298e-10; -2.2591660465714817e-10 -2.1632217271932223e-10 6.093194362667396e-10 -1.7169473995240633e-11 1.1193336041136805e-9 -2.518613833023095e-9; 1.3658371265717476e-9 -5.520317462465604e-10 1.3117492121822014e-9 -6.196789735536298e-10 -2.518613833023095e-9 9.239156770051236e-9]
[2.6431573400382173e-10 -1.2916405108448387e-10 3.0928490295504267e-10 -1.160122666942075e-10 -1.8604403752992631e-10 1.0519965319236914e-9; -1.2916405108448387e-10 3.383772492223292e-10 -8.995729518726758e-10 1.6027059957234565e-10 -1.633739395865648e-11 -9.166983981499616e-10; 3.0928490295504267e-10 -8.995729518726758e-10 2.5020290471794713e-9 -4.203106602738247e-10 6.193281824997933e-11 2.3856665926430575e-9; -1.160122666942075e-10 1.6027059957234565e-10 -4.203106602738247e-10 1.0092716679770415e-10 5.2726928178941415e-11 -7.128116929629792e-10; -1.8604403752992631e-10 -1.633739395865648e-11 6.193281824997933e-11 5.2726928178941415e-11 7.406351459948239e-10 -2.082342109681901e-9; 1.0519965319236914e-9 -9.166983981499616e-10 2.3856665926430575e-9 -7.128116929629792e-10 -2.082342109681901e-9 9.239156770051222e-9]
[6.537118876687057e-12 2.15042520304196e-12 -7.162170226206087e-12; 2.15042520304196e-12 6.355386962065818e-12 -1.721849188211906e-11; -7.162170226206087e-12 -1.721849188211906e-11 5.736472804965595e-11]
[0.02557472261150576 -0.018852115724405188 0.04937896204547965 -0.014661871703066475 -0.020900891111096834 0.12445111666994373; -0.018852115724405188 0.013896622766945727 -0.036399140489902955 0.010807831936318906 0.015406853965284944 -0.09173772459586485; 0.04937896204547965 -0.036399140489902955 0.0953395261796635 -0.028308733676928696 -0.04035485823956399 0.24028675027448027; -0.014661871703066475 0.010807831936318906 -0.028308733676928696 0.008405584138677868 0.011982385428346074 -0.07134725712274467; -0.020900891111096834 0.015406853965284944 -0.04035485823956399 0.011982385428346074 0.017081212027108463 -0.10170742805824322; 0.12445111666994373 -0.09173772459586485 0.24028675027448027 -0.07134725712274467 -0.10170742805824322 0.6056011144847772]
[0.0004223298226108172 0.00828672041366223 -0.023791237317575015 0.0033973966636767286 -0.009591324800092043 -7.932070305295528e-5; 0.00828672041366223 0.17255649462659506 -0.49962989443507855 0.07226349527479156 -0.16639864724927475 -0.10162959503924522; -0.023791237317575015 -0.49962989443507855 1.448340907034178 -0.20984203946621277 0.4684979977917748 0.33417285533479163; 0.0033973966636767286 0.07226349527479156 -0.20984203946621277 0.030480836150740723 -0.06489645399180739 -0.056926216805382394; -0.009591324800092043 -0.16639864724927475 0.4684979977917748 -0.06489645399180739 0.2655306927065707 -0.21722652551946375; -7.932070305295528e-5 -0.10162959503924522 0.33417285533479163 -0.056926216805382394 -0.21722652551946375 1.0056011133761373]
[6.861603407020816e-12 2.2858463709852917e-12 -7.80774385100629e-12; 2.2858463709852917e-12 6.7989553392598074e-12 -1.8621671877722457e-11; -7.80774385100629e-12 -1.8621671877722457e-11 6.305912773452212e-11]
[0.12314874406110712 -0.011793872201047256 -0.0825173535067675; -0.011793872201047256 0.7685124938187713 -0.024591086474985833; -0.0825173535067675 -0.024591086474985833 0.5110216751669525]
[0.12245030599322242 -0.024684581406532943 -0.06482357049305917; -0.024684581406532943 0.8055097723471752 0.1648164014006299; -0.06482357049305917 0.1648164014006299 0.5146319157772725]
[0.012524622405535238 -0.002419765092187877 -0.008851873777618929; -0.002419765092187877 0.10306973821303837 0.0119457525898361; -0.008851873777618929 0.0119457525898361 0.06306548501638529]
[0.12257173725320236 -0.030918877411060492 -0.06854284929622861; -0.030918877411060492 0.9229974419578102 0.0737152965588696; -0.06854284929622861 0.0737152965588696 0.43942468080266855]
[0.1230299146313591 -0.008808184721698158 -0.07870444835420834; -0.008808184721698158 0.6596156045725138 0.06554848993924937; -0.07870444835420834 0.06554848993924937 0.5817971921778405]
[0.012515059480444311 -0.0025450915923421057 -0.008665731666743733; -0.0025450915923421057 0.10470594057279084 0.00968649627272175; -0.008665731666743733 0.00968649627272175 0.06080388105706568]
[45.085036945731154 -0.6723207062956459 6.083322926972475; -0.6723207062956459 4.403563847401852 1.5781938152438182; 6.083322926972475 1.5781938152438182 12.459644673179888]
[3.0748412803544175e-9 1.1318820582604064e-8 2.9488349768897097e-8 5.095162233147366e-9 6.601073143733994e-9 -5.018689959928002e-8; 1.1318820582604064e-8 4.948334325573168e-8 1.1318094910116989e-7 2.149113924444245e-8 2.4755530710729573e-8 -2.0347657707023755e-7; 2.9488349768897097e-8 1.1318094910116989e-7 2.991540976457909e-7 5.118100451832397e-8 6.666599113941179e-8 -5.049545326101264e-7; 5.095162233147366e-9 2.149113924444245e-8 5.118100451832397e-8 9.535350621211248e-9 1.1280181550709483e-8 -9.11072089175719e-8; 6.601073143733994e-9 2.4755530710729573e-8 6.666599113941179e-8 1.1280181550709483e-8 1.5755492363130948e-8 -1.1393450734793255e-7; -5.018689959928002e-8 -2.0347657707023755e-7 -5.049545326101264e-7 -9.11072089175719e-8 -1.1393450734793255e-7 8.870976257204486e-7]
[3.0626139290697605e-9 1.1275873573767245e-8 2.9374971836367887e-8 5.068951925795151e-9 6.571142194655873e-9 -4.9892926016117454e-8; 1.1275873573767245e-8 4.75651726069989e-8 1.1290608995207919e-7 2.0805442207197833e-8 2.5321953653998805e-8 -2.005499918831553e-7; 2.9374971836367887e-8 1.1290608995207919e-7 2.9786524731703254e-7 5.0912620829637695e-8 6.617774921477237e-8 -5.011328715519831e-7; 5.068951925795151e-9 2.0805442207197833e-8 5.0912620829637695e-8 9.321240146246093e-9 1.1438985274620654e-8 -9.040452965839599e-8; 6.571142194655873e-9 2.5321953653998805e-8 6.617774921477237e-8 1.1438985274620654e-8 1.5495438496088e-8 -1.1449378424604214e-7; -4.9892926016117454e-8 -2.005499918831553e-7 -5.011328715519831e-7 -9.040452965839599e-8 -1.1449378424604214e-7 8.870976257204486e-7]
[2.1741482954635842e-11 -1.1468820747069758e-12 7.192830485103116e-11; -1.1468820747069758e-12 8.274342099402997e-11 -5.774122052377315e-11; 7.192830485103116e-11 -5.774122052377315e-11 9.293162020201466e-10]
[0.00611913554846859 0.02830726348563629 0.05716062799995394 0.01698313020939878 0.023782794894695664 -0.15793210271106517; 0.02830726348563629 0.13095007055735006 0.2644263968243053 0.078564364824374 0.11001977616679598 -0.7305976611662021; 0.05716062799995394 0.2644263968243053 0.5339541003382169 0.15864436392771936 0.2221620097208224 -1.4752897595819534; 0.01698313020939878 0.078564364824374 0.15864436392771936 0.047135216875153034 0.0660071032217848 -0.43832695520415343; 0.023782794894695664 0.11001977616679598 0.2221620097208224 0.0660071032217848 0.09243487230498533 -0.6138232623014221; -0.15793210271106517 -0.7305976611662021 -1.4752897595819534 -0.43832695520415343 -0.6138232623014221 4.076156492386264]
[0.025766864246298777 -0.11905607440347275 0.3259627832781833 -0.05321740572744981 0.09582157662824926 0.20246454393352462; -0.11905607440347275 1.521922546629022 -1.4050730647125733 0.3549083866849752 -1.0038084136209162 0.7390187064379328; 0.3259627832781833 -1.4050730647125733 4.134085834317632 -0.6618902864527715 1.153852935741517 2.735371160531435; -0.05321740572744981 0.3549083866849752 -0.6618902864527715 0.12214144425822615 -0.2608432000752221 -0.2303164546562021; 0.09582157662824926 -1.0038084136209162 1.153852935741517 -0.2608432000752221 0.6802601793277746 -0.21382326332593674; 0.20246454393352462 0.7390187064379328 2.735371160531435 -0.2303164546562021 -0.21382326332593674 4.476156493442923]
[1.9493255252247182e-10 4.920252997176867e-10 2.0860645200646673e-9; 4.920252997176867e-10 1.509468245146053e-9 5.675553364736143e-9; 2.0860645200646673e-9 5.675553364736143e-9 2.4354365356127996e-8]
[3.1555611425603195e-10;;]
[1.9106872042353708e-10;;]
[3.418296700454159;;]
[3.134018947009991;;]
[0.12120119717922127 -0.06388350927968443 -0.0039034947903753103; -0.06388350927968443 0.7013963956797789 -0.04773089730476066; -0.0039034947903753103 -0.04773089730476066 0.7436364183329097]
[0.12186213635618978 -0.07911625893803079 0.005826974958162203; -0.07911625893803079 1.1016513438975852 0.19055097983679414; 0.005826974958162203 0.19055097983679414 0.49086172051462085]
[0.012367825727261863 -0.008655405042825127 5.079019180474404e-5; -0.008655405042825127 0.11310372532810112 0.009739736477838152; 5.079019180474404e-5 0.009739736477838152 0.07424562217062806]
[0.12227335813155639 -0.08902849217808395 0.008731750367394401; -0.08902849217808395 1.0507505842192213 -0.08982526276448793; 0.008731750367394401 -0.08982526276448793 0.5017623248828683]
[0.12101903986509753 -0.05688406317798738 -0.0033630871681202363; -0.05688406317798738 0.7547236432743701 0.22585335345267574; -0.0033630871681202363 0.22585335345267574 0.7345490354469146]
[0.012389837598117273 -0.008967272892227254 0.0002436706838243122; -0.008967272892227254 0.11498395009939436 0.010342455578451927; 0.0002436706838243122 0.010342455578451927 0.07212425163426071]
[53.20646135073597 -0.38764829063757256 -3.626794179967493; -0.38764829063757256 5.052312263017822 -3.1500656047076654; -3.626794179967493 -3.1500656047076654 12.474622429145098]
[7.195986888304348e-6 -0.00028976583896969996 -0.0014463098162873736 0.00010170363006389935 2.5963237966061348e-5 -0.0012375297820292263; -0.00028976583896969996 0.02046540905587435 0.05980319086322977 0.008475281291500873 0.012830955217631758 -0.05699691950812876; -0.0014463098162873736 0.05980319086322977 0.2909904435538267 -0.018214751077129426 -0.0027592220398214512 0.2298132522130634; 0.00010170363006389935 0.008475281291500873 -0.018214751077129426 0.019403008311622727 0.02019823793103098 -0.17016988278014272; 2.5963237966061348e-5 0.012830955217631758 -0.0027592220398214512 0.02019823793103098 0.021984496116808614 -0.17299958947544128; -0.0012375297820292263 -0.05699691950812876 0.2298132522130634 -0.17016988278014272 -0.17299958947544128 1.5103615401208188]
[7.432920826104395e-6 -0.0002800057413030633 -0.001490533285799448 0.00013264306594773468 5.727230748233381e-5 -0.0015127583338553903; -0.0002800057413030633 0.0186998011914479 0.057596948394973334 0.006652076906421 0.010701252256521404 -0.042009074113166456; -0.001490533285799448 0.057596948394973334 0.29917651402269846 -0.024539086876654244 -0.009209621422952676 0.28585442453130316; 0.00013264306594773468 0.006652076906421 -0.024539086876654244 0.01901637452212908 0.019400107566184235 -0.1684894747626444; 5.727230748233381e-5 0.010701252256521404 -0.009209621422952676 0.019400107566184235 0.02072769429909439 -0.167841308786112; -0.0015127583338553903 -0.042009074113166456 0.28585442453130316 -0.1684894747626444 -0.167841308786112 1.5103615401208172]
[5.626283487225548e-11 7.1807304722677745e-12 -4.984648509377348e-11; 7.1807304722677745e-12 6.491556948018578e-10 8.606653876979179e-10; -4.984648509377348e-11 8.606653876979179e-10 7.641038444918337e-9]
[7.304395578922255e-6 -0.00032300118037013035 -0.0014724188461028792 4.888976043584066e-5 -0.00011476805244326532 -0.0010788650677393452; -0.00032300118037013035 0.034897017641556394 0.06832199879994696 0.034344625069777646 0.08903872187186168 -0.10939650448729213; -0.0014724188461028792 0.06832199879994696 0.29733753557048537 -0.004273690896144999 0.03549248497366234 0.19177645519306258; 4.888976043584066e-5 0.034344625069777646 -0.004273690896144999 0.06653184165249607 0.15924213326878797 -0.26497663610551686; -0.00011476805244326532 0.08903872187186168 0.03549248497366234 0.15924213326878797 0.4263515514380189 -0.47338349122498774; -0.0010788650677393452 -0.10939650448729213 0.19177645519306258 -0.26497663610551686 -0.47338349122498774 1.6280513487229342]
[0.00010905848485918591 0.01455623015507184 -0.019877823873510676 0.0034927755429277566 -0.00951682841867763 0.006103402988641261; 0.01455623015507184 2.1798512907039895 -2.6272871396498587 0.49640814330348143 -1.3849836111160558 1.0665933706645172; -0.019877823873510676 -2.6272871396498587 3.6259598097948937 -0.632604288592536 1.7232430655716127 -1.0922969480662181; 0.0034927755429277566 0.49640814330348143 -0.632604288592536 0.12939110579754143 -0.29776169981693457 0.08882123377582964; -0.00951682841867763 -1.3849836111160558 1.7232430655716127 -0.29776169981693457 0.9203520722240327 -0.8744354982238259; 0.006103402988641261 1.0665933706645172 -1.0922969480662181 0.08882123377582964 -0.8744354982238259 2.017734787288534]
[6.032670302293508e-7 -2.9930080659501105e-5 -0.0001224233682668396; -2.9930080659501105e-5 0.0014850714341837512 0.006074398042752138; -0.0001224233682668396 0.006074398042752138 0.024846167927069864]
[8.40683991975894e-10;;]
[7.077727780648468e-10;;]
[5.081868186548188;;]
[2.0814478359798265;;]
[1.482303925273844e-9;;]
[1.2940648363587692e-9;;]
[5.255402642252458e-10;;]
[1.3830068162553584e-9;;]
